experimental phase,hour,drink,eat,groom,hang,sniff,rear,rest,walk,eathand
"Experiment: Alc, Phase: W1",00h,0.005087696057651549,0.045854970326409505,0.088085391055532,0.001771937261551505,0.3199945686731666,0.0017516691394658757,0.5001862547689699,0.0034575031793132685,0.03381000953793978
"Experiment: Alc, Phase: W1",01h,0.006474772223847538,0.03539685815187864,0.08211500083587576,0.001726214109583316,0.3102992957746479,0.0009646529025786766,0.5355589396915618,0.002580374681322356,0.024883891628703983
"Experiment: Alc, Phase: W1",02h,0.003671047053836372,0.0411715769393811,0.08923352055955917,0.001998860746078847,0.3038743906316237,0.0011893281051292926,0.5306990515048748,0.0029828582026282303,0.025179366256888516
"Experiment: Alc, Phase: W1",03h,0.0037005788439837825,0.03819678083336816,0.08382123228988174,0.0023955677686295818,0.33062426860868477,0.0016334841392569065,0.523771785012747,0.004285038868224181,0.01157126363522381
"Experiment: Alc, Phase: W1",04h,0.008198504827182679,0.0335750407489447,0.09106840598487069,0.002617858486228946,0.3301044583524887,0.0017161574789986208,0.505077422994943,0.004274982237639489,0.023367168888703143
"Experiment: Alc, Phase: W1",05h,0.007417091570192669,0.046623584235382626,0.11006655660968782,0.004878771889497219,0.34616267710118287,0.0025170309691979766,0.44869002591214946,0.005949737743971244,0.027694523968738248
"Experiment: Alc, Phase: W1",06h,0.011072216040224202,0.09529524192218924,0.15211295540718758,0.07305653437190898,0.29662140928948233,0.02024230856412791,0.2850780734833498,0.03281224241674909,0.03370901850478075
"Experiment: Alc, Phase: W1",07h,0.0163005120755028,0.17142397172766233,0.14613174352950875,0.1269031538493241,0.2639884448153644,0.03825368859215297,0.13107407063963064,0.06054751895812727,0.04537689581272668
"Experiment: Alc, Phase: W1",08h,0.010418936619065282,0.1692816035330119,0.1413180116376113,0.1086428679061573,0.27462400894844213,0.03264181889836795,0.16652897232010386,0.05231042516691395,0.044233354970326405
"Experiment: Alc, Phase: W1",09h,0.010476408216514887,0.12734638800777656,0.15250546787066407,0.07882447175892764,0.273684993093216,0.024567366724649535,0.25101555305433343,0.0418886856645861,0.03969066560933182
"Experiment: Alc, Phase: W1",10h,0.012657798118996127,0.14358025700347038,0.14282977292159132,0.07883179097721672,0.2733176583010612,0.022903831162299458,0.240041744203591,0.04106727480762461,0.04476987250414927
"Experiment: Alc, Phase: W1",11h,0.010468904549950548,0.13303056998021762,0.13638569485657764,0.07759257542037586,0.2801128214638971,0.02012271266073195,0.2615495178041542,0.03969584569732936,0.041041357566765566
"Experiment: Alc, Phase: W1",12h,0.009514254834748794,0.07797295482451654,0.14430430139158906,0.07950443824823492,0.24474716693952725,0.011887502558068147,0.376615579914049,0.025724572802619458,0.0297292284866469
"Experiment: Alc, Phase: W1",13h,0.008994676516069717,0.05831265411459857,0.1495816702887951,0.05399248234212396,0.24396850315543112,0.008407604379989138,0.42947585363814944,0.018623704392527272,0.028642851172315804
"Experiment: Alc, Phase: W1",14h,0.008015003970409999,0.08695655013165043,0.1374655201237096,0.05440833054708071,0.2580003761441051,0.011201911021022276,0.3939627565093827,0.020969511430601422,0.029020040122037863
"Experiment: Alc, Phase: W1",15h,0.01077378589041669,0.09908118966021648,0.15288755903372758,0.05680089438709406,0.2592464840974631,0.011254022652233879,0.3492031752831529,0.024750282108078735,0.03600260688761651
"Experiment: Alc, Phase: W1",16h,0.01216219796523951,0.14083006570580753,0.13839736116998735,0.07135412250953797,0.26944269287833833,0.016099247562526495,0.272404753073336,0.03259869118270454,0.04671086795252227
"Experiment: Alc, Phase: W1",17h,0.012802380338020898,0.19022155743344943,0.12947858878424284,0.08513431062658577,0.28131423902292174,0.02046671397239066,0.1955687169397497,0.04208462348944222,0.04292886939319658
"Experiment: Alc, Phase: W1",18h,0.010376097304648859,0.1225779446917244,0.09829660196175402,0.038785598005275305,0.3937632655374218,0.012275644988460267,0.2476271430926476,0.031097510715463232,0.04520019370260469
"Experiment: Alc, Phase: W1",19h,0.005709478346879971,0.0368959112802649,0.07934379434911629,0.004839294929686493,0.3333208349460284,0.0022983593514815295,0.5097675568743818,0.007468928740377585,0.020355841181782998
"Experiment: Alc, Phase: W1",20h,0.003490253049785688,0.04812144535113748,0.0835276798961424,0.0023337042532146387,0.31141995342894807,0.0013675094790636332,0.5343156270606662,0.0037762992499175744,0.011647528231124298
"Experiment: Alc, Phase: W1",21h,0.0035289052564646023,0.07055969160661295,0.07869528931750738,0.002403163416701993,0.2901983096651124,0.001968657270029674,0.5278429684188213,0.005877887876218738,0.018925127172530743
"Experiment: Alc, Phase: W1",22h,0.005198102561959293,0.08255853742633845,0.07613744410080661,0.002372581184435993,0.26729557612738747,0.0014682680653654865,0.5475117022610441,0.0035165555648430636,0.013941232707819622
"Experiment: Alc, Phase: W1",23h,0.004477943327621513,0.0625750982154052,0.07276324863125334,0.0008352227608977306,0.3110565469971162,0.0007112780540811634,0.5163345801813849,0.002877110586366866,0.028368971245872867
"Experiment: Alc, Phase: W2",00h,0.005299738589797936,0.021252384484951245,0.06680057315953086,0.0007723081814328104,0.27215153401865205,0.001488757595026141,0.597598845732655,0.0051328246432104,0.02950303359474353
"Experiment: Alc, Phase: W2",01h,0.003277389975331592,0.01805307282542633,0.07349297039791211,0.0005256560366093454,0.29924430660326756,0.0011709672517965029,0.5760623726359443,0.0038621474026670497,0.02431111687104501
"Experiment: Alc, Phase: W2",02h,0.008714807845407834,0.03020904954042123,0.07749816801765942,0.0011194316783672289,0.3016344222696679,0.001604906998624883,0.553235145111095,0.004570456683795326,0.02141361185496128
"Experiment: Alc, Phase: W2",03h,0.006666614529333955,0.03441287404812127,0.06405663455006975,0.0007988184190769012,0.26511319759751173,0.0010039415823531515,0.6037407046583966,0.0028831200171606304,0.02132409459797647
"Experiment: Alc, Phase: W2",04h,0.0044780659694579105,0.029447419845118335,0.0900256477527683,0.0017380084316421796,0.3244274489758991,0.0013986393573134546,0.5297179199536803,0.003211962618513425,0.015554887095606864
"Experiment: Alc, Phase: W2",05h,0.005841877737741983,0.03620023491592482,0.08469789900381519,0.001911120531298573,0.2998796718242192,0.0015344602232584428,0.5440383460505865,0.0037403295888088165,0.022156060124346465
"Experiment: Alc, Phase: W2",06h,0.007102886764113273,0.06867478569073528,0.1261785864747042,0.03340316701469026,0.29052276806975136,0.008307803971132361,0.4293792587097482,0.012550371835732863,0.023880371469392245
"Experiment: Alc, Phase: W2",07h,0.012470058274641593,0.1497613599799793,0.17523160148010442,0.08533067730864113,0.2853835222194415,0.024712872260555577,0.19174960226663326,0.038433667906045535,0.036926638303957676
"Experiment: Alc, Phase: W2",08h,0.012648820293840922,0.1441735045596004,0.1668829612072085,0.06376576409495549,0.2763363293406673,0.022217422378229726,0.24549162716219147,0.03328791072591736,0.035195660237388716
"Experiment: Alc, Phase: W2",09h,0.016329747774480718,0.14059769617540388,0.19071824513682822,0.059581581767227165,0.3034474942301352,0.019138435542367296,0.21000041213320142,0.02719873062973953,0.03298765661061655
"Experiment: Alc, Phase: W2",10h,0.013744180394965722,0.1300566612094546,0.18092096848460043,0.038715881766090254,0.3385043615061906,0.03727632891640233,0.16889165302363657,0.054105699375831345,0.0377842653228282
"Experiment: Alc, Phase: W2",11h,0.011434244858283024,0.09170530415430266,0.16557879489409602,0.023567321958456976,0.2818700117671135,0.015345051417169749,0.3565297887035711,0.03024116187455234,0.023728320372454714
"Experiment: Alc, Phase: W2",12h,0.011157337880871388,0.09604178729101834,0.16633144405442568,0.04007992871100817,0.3156533844177462,0.016870521820945207,0.2880027773756966,0.03701034052254469,0.02885247792574364
"Experiment: Alc, Phase: W2",13h,0.010405548297090214,0.07176884494441736,0.1372337127419284,0.02460845808051729,0.2817393927986182,0.01228422981531512,0.41564257717347985,0.021574250409672705,0.024742985738960974
"Experiment: Alc, Phase: W2",14h,0.013840666401972665,0.08755825009403603,0.18186345446566637,0.03757888577757344,0.31114548940527426,0.017749822376394865,0.2914303140803276,0.03401975278973545,0.024813364609019103
"Experiment: Alc, Phase: W2",15h,0.009076341644351161,0.06848130925671274,0.16704229843670845,0.030555769161178258,0.2821477844322211,0.008223565173337194,0.3954728549974669,0.01598427209235001,0.023015804805674177
"Experiment: Alc, Phase: W2",16h,0.019360660780198307,0.12660920424115227,0.15078028877469787,0.05389839056958819,0.28473766465224,0.013047106824925816,0.29503023901715275,0.025439901932402104,0.03109654320764276
"Experiment: Alc, Phase: W2",17h,0.014679042579814805,0.16645521254156093,0.14532842050695355,0.06632483196882487,0.28447566229308924,0.01777946355153552,0.23395581584498235,0.03481876318329699,0.03618278752994173
"Experiment: Alc, Phase: W2",18h,0.011412571469928353,0.15523992183542012,0.12957848574220163,0.04135937613085329,0.38617758015488163,0.017163073568792066,0.17407145635810956,0.03665943674458999,0.04833809799522328
"Experiment: Alc, Phase: W2",19h,0.014021119250741837,0.05463093471810089,0.11344549795994066,0.0035433280786350144,0.28139280415430284,0.0038545530415430252,0.47925549425074215,0.013491978857566766,0.03636428968842731
"Experiment: Alc, Phase: W2",20h,0.007873444817847056,0.028571779700403976,0.09645860891637766,0.0009272997032640951,0.25637110757570336,0.001068517393014193,0.5796728084444602,0.004256529083693824,0.02479990436523542
"Experiment: Alc, Phase: W2",21h,0.010072020276953515,0.03309885897979369,0.08124205171682919,0.001122694997880458,0.25063486911827043,0.0014077292638123495,0.5978775876077432,0.0043416392892468535,0.02020254874947011
"Experiment: Alc, Phase: W2",22h,0.007247299522327565,0.02314347814286747,0.08488083067959759,0.0009585112542520087,0.24548789534631246,0.001018898820293841,0.6122470281175367,0.004397436129405806,0.02061862198740682
"Experiment: Alc, Phase: W2",23h,0.008393532423825723,0.029333542918144315,0.08600444651516247,0.0009971864369979014,0.2476926069334878,0.0012682519722081497,0.5981844150322068,0.004727984548020555,0.02339803321994644
"Experiment: Alc, Phase: W3",00h,0.00821313265348769,0.040959611526727134,0.09688035482927233,0.0005292138588205793,0.2617709595854056,0.0009270384920800774,0.5754733146654408,0.004247032640949553,0.010999341747816279
"Experiment: Alc, Phase: W3",01h,0.01520559559135227,0.03818447965239508,0.08986832344213651,0.0011310406952098348,0.23768598982619768,0.0008859686307757525,0.6045174067401444,0.003364905680373039,0.009156289741415852
"Experiment: Alc, Phase: W3",02h,0.01058506080996364,0.03282223011660467,0.08405240418773773,0.0004777552555690224,0.24147654845989883,0.0005745339992477118,0.6125194602332091,0.002342150081497888,0.015149856856271165
"Experiment: Alc, Phase: W3",03h,0.01447684624064864,0.026885814143018348,0.09433459062983235,0.0010129769716220169,0.22989718727797046,0.001162650980064362,0.6201707276298741,0.0029416297488193254,0.009117576378150208
"Experiment: Alc, Phase: W3",04h,0.02215875370919882,0.026485004239084366,0.08977241415854172,0.0005007418397626112,0.24278282640949556,0.0008354970326409494,0.6072306856718945,0.0024448919033488764,0.0077891850360322186
"Experiment: Alc, Phase: W3",05h,0.030896724571381477,0.03443926702110123,0.09832042841246287,0.0028994858638311904,0.2393960703099242,0.0014531559099901096,0.5748723674991756,0.0026750020606660057,0.01504749835146719
"Experiment: Alc, Phase: W3",06h,0.018610774438918377,0.07412389768880344,0.14150763259079707,0.041013551636226865,0.2722350796171689,0.009157149872528945,0.40329530969197985,0.015925001044844733,0.024131603418731978
"Experiment: Alc, Phase: W3",07h,0.01405747712660732,0.14815750700626437,0.17314552938509725,0.06867839185624797,0.27064632789317516,0.024753621620507753,0.21941198895483016,0.038454603527860204,0.04269455262940984
"Experiment: Alc, Phase: W3",08h,0.010946279752509627,0.15845302733758443,0.1770609729149568,0.06493800902834776,0.26031630784771764,0.024038567775743414,0.23260129269524593,0.03628780226024369,0.03535774038765074
"Experiment: Alc, Phase: W3",09h,-,-,-,-,-,-,-,-,-
"Experiment: Alc, Phase: W3",10h,0.01200408784619189,0.12123091308110784,0.1948724190158259,0.027967359050445104,0.3855752735534123,0.0409400887116716,0.10746321711177054,0.06798362543273986,0.04196301619683482
"Experiment: Alc, Phase: W3",11h,0.009246616954875678,0.0875791402332958,0.17331279417783688,0.019149538268699473,0.30967956998874446,0.018527607950475807,0.31648435101811107,0.036767912872198924,0.02925246853576179
"Experiment: Alc, Phase: W3",12h,0.006734546746353492,0.0642616082250178,0.15014392736239396,0.01683610565469971,0.2694173945751661,0.013799656246081834,0.4265888170267898,0.025396518577339405,0.026821425586157903
"Experiment: Alc, Phase: W3",13h,0.009664830481722331,0.05073079108529579,0.12172682934528696,0.021640018309236692,0.2574996843235053,0.0081742455331776,0.48999029294778707,0.014964446934781233,0.025608861039207016
"Experiment: Alc, Phase: W3",14h,0.01175058728981207,0.06813489119683482,0.16382943867457964,0.03417362141444115,0.2855268607814046,0.012059687190900099,0.37322313921859546,0.022039441147378835,0.029262333086053412
"Experiment: Alc, Phase: W3",15h,0.011000255986960337,0.060136038784636615,0.15592871024365776,0.030051301876541144,0.2612954246249007,0.0055627533748485005,0.4426760302169097,0.009475958122622974,0.02387352676892213
"Experiment: Alc, Phase: W3",16h,0.01326553742169469,0.12238501483679526,0.15166476055060996,0.0592549662050775,0.3026505316518299,0.015697638476755687,0.26888690549785693,0.02668935975107154,0.0395052856083086
"Experiment: Alc, Phase: W3",17h,0.013119331717306807,0.17215645505077942,0.13620060496510222,0.07003542023655285,0.3012694863543278,0.021863245496719197,0.20494015651774142,0.03934989760521585,0.04106540205625445
"Experiment: Alc, Phase: W3",18h,0.009008651314414678,0.1481420048480796,0.11808691540937012,0.03783813787771137,0.3783960066034188,0.016643331800894383,0.20845187967568027,0.039541757219877134,0.04389131525055377
"Experiment: Alc, Phase: W3",19h,0.010511268650478547,0.04551905274376229,0.09488574622811051,0.009475305094662934,0.33237386111923767,0.0032665764617377862,0.4630139330045556,0.013100393906465498,0.02785386279098926
"Experiment: Alc, Phase: W3",20h,0.013195735988632093,0.02939396393195973,0.08467617649517283,0.0001673057633635642,0.24402139842019466,0.0006825448238391775,0.6135829815689386,0.0024471569774731474,0.011832736030425882
"Experiment: Alc, Phase: W3",21h,0.009658727950873717,0.0438999134520277,0.0968813107896472,0.00047704418067919554,0.23564823400923174,0.0005677134849983514,0.5889972026458951,0.0033395668480052754,0.020530286638641607
"Experiment: Alc, Phase: W3",22h,0.0075100366556117995,0.03598291041193925,0.08572953940478271,0.00032891865945191136,0.23248167219410013,0.00048465046255891087,0.60959741556118,0.0021794270378774658,0.025705429612497832
"Experiment: Alc, Phase: W3",23h,0.0022273223705901756,0.029809208086053418,0.09226091122650841,0.0007084827316188592,0.20774037668974618,0.0005803350642927795,0.6535711341905706,0.002776103486646884,0.01032612615397296
"Experiment: Alc, Phase: W4",00h,0.02699775129821959,0.02514836795252226,0.10012383314787339,0.00041709167903066256,0.19660550352373887,0.0006477574802176063,0.6377849514713156,0.003210195660237388,0.009064547786844708
"Experiment: Alc, Phase: W4",01h,0.027797421300477354,0.015092205844407174,0.122902085214811,0.00030217875112888663,0.21210851825570892,0.0007829634885821185,0.6036979099471037,0.002912930589601342,0.01440378660817959
"Experiment: Alc, Phase: W4",02h,0.014630857443125617,0.0428265640454995,0.12151122805390702,0.001288367025222552,0.21297234328635017,0.0011956370548961424,0.5919881305637983,0.003412849282888228,0.01017402324431256
"Experiment: Alc, Phase: W4",03h,0.004736183234421364,0.03845531188180019,0.11882708178783379,0.0005138785855588528,0.2110495487141444,0.0009309702645895153,0.6034806580736892,0.0032552083333333335,0.018751159124629078
"Experiment: Alc, Phase: W4",04h,0.0133752902851245,0.03540107728035092,0.10365214972261647,0.000632579667139724,0.2515550412849955,0.000778125403173784,0.5826230083215069,0.00268836279189782,0.009294365243194424
"Experiment: Alc, Phase: W4",05h,0.009429059599722199,0.04659740198244839,0.11257635425216243,0.000618528631858072,0.19380169202601175,0.0014465875370919883,0.5999433755287582,0.003915375023675737,0.03167162541827135
"Experiment: Alc, Phase: W4",06h,0.015055401224824806,0.07366034787549718,0.17379095902519098,0.03443991097922849,0.19072956783887876,0.006970334301407918,0.45723865932192703,0.012036350148367953,0.03607846928467706
"Experiment: Alc, Phase: W4",07h,0.011385464675800242,0.1350172043689627,0.16901437906433486,0.08228581349832692,0.2710299734831745,0.026227586968874287,0.2196609239851001,0.04104583622703454,0.044332817728391934
"Experiment: Alc, Phase: W4",08h,0.00913312932739862,0.13785565807368944,0.1787028236275964,0.06724796766815033,0.26553323596686446,0.022950860843224532,0.24030875216369932,0.03664475921117704,0.0416228131181998
"Experiment: Alc, Phase: W4",09h,-,-,-,-,-,-,-,-,-
"Experiment: Alc, Phase: W4",10h,0.009952925903299006,0.1142195954791412,0.19502640076802236,0.030443249258160242,0.3793059434456276,0.03630569252923723,0.12556947111188688,0.06578618650724385,0.04339053499738172
"Experiment: Alc, Phase: W4",11h,0.006518127722709768,0.07634971431277227,0.16685633562724922,0.035024898983521686,0.2998167103352484,0.01993378685523076,0.32606402708504323,0.03699255003472442,0.03244384904350022
"Experiment: Alc, Phase: W4",12h,0.0049689740974282895,0.06757580675074183,0.1439690745548961,0.027246190343719084,0.23289016135014842,0.007575845388229475,0.47648425908753705,0.015125996847181009,0.024163691580118704
"Experiment: Alc, Phase: W4",13h,0.005015704905612727,0.056656038891344164,0.1456407049056127,0.02569093692783635,0.25611169423574714,0.010889655281267755,0.44936667403245156,0.017550232022223628,0.03307835879790392
"Experiment: Alc, Phase: W4",14h,0.009786011956711466,0.08272931576191307,0.17346177343340893,0.04358281331820563,0.30450176732414036,0.015495723511956713,0.30184750829115037,0.028811747250829117,0.039783339151684416
"Experiment: Alc, Phase: W4",15h,0.013245193825367766,0.08600902045583685,0.15185045615253484,0.03971506250394596,0.29334317191741893,0.015190352926321102,0.3160681308794748,0.03993899551739378,0.04463961582170591
"Experiment: Alc, Phase: W4",16h,0.012389883160237388,0.13578913204747775,0.1612545205860534,0.0692072746661721,0.30286786751978234,0.020438458209693377,0.20756908382789316,0.04510289162957468,0.04538088835311572
"Experiment: Alc, Phase: W4",17h,0.01571457320537913,0.1958735163204748,0.13145578161500096,0.07270266430961554,0.3311726592587916,0.026631060988698788,0.12924900561904165,0.053508349643285553,0.0436923890397121
"Experiment: Alc, Phase: W4",18h,0.013660863316023739,0.1729180189787339,0.11003009860286846,0.04676546272255192,0.3864297415924827,0.02096547354104847,0.15783278468100895,0.050947584384273,0.040449972181008896
"Experiment: Alc, Phase: W4",19h,0.02925089638971316,0.07381692012858554,0.11891517525964394,0.008069439292779423,0.36074856268546013,0.007392124134520278,0.335859065900099,0.02855928536102868,0.03738853084817013
"Experiment: Alc, Phase: W4",20h,0.042131960666708754,0.028778844939705794,0.11100980964707369,0.0016213933960477303,0.24488978944377804,0.002138905549592778,0.5404665698592083,0.007766825557169013,0.021195900940715957
"Experiment: Alc, Phase: W4",21h,0.03196323158027653,0.027015397121030373,0.0930985226340047,0.00043898762548140664,0.23644840267693665,0.0007970831491887115,0.5945295236441693,0.00412372151019635,0.011585130058715832
"Experiment: Alc, Phase: W4",22h,0.016757464762611283,0.03491862945103857,0.08229630316518295,0.0007263847675568743,0.19422852528437193,0.0009580165059347181,0.6526571000247281,0.003139489057863503,0.014318086980712167
"Experiment: Alc, Phase: W4",23h,0.017206239181503463,0.037762348541048464,0.07558284650098913,0.0004120688056379822,0.20830319609297723,0.0008793892185954503,0.6477084106083085,0.00263121290801187,0.009514288142927792
"Experiment: Alc, Phase: week1",00h,0.0016602528437190901,0.04842706787833828,0.1043733772255193,0.003136204871414441,0.21671998639960433,0.0028332869683481703,0.5942561510880316,0.005712166172106824,0.022881506552917902
"Experiment: Alc, Phase: week1",01h,0.0021636993076162214,0.03596261436696341,0.12175715566271017,0.0020922199554896143,0.1489498330860534,0.0019809439910979227,0.6746313983679525,0.004212258902077152,0.008249876360039566
"Experiment: Alc, Phase: week1",02h,0.0011623500193523415,0.050338262804799375,0.13980857308734357,0.0028685814733582764,0.1756273384079474,0.003301590117404206,0.6042038930460587,0.004350245129660689,0.01833916591407561
"Experiment: Alc, Phase: week1",03h,0.003527988996043521,0.047690250989119685,0.10770895153313553,0.0031922292284866476,0.18444647935212663,0.006150315281899108,0.6176673775964392,0.007593039070227498,0.022023367952522254
"Experiment: Alc, Phase: week1",04h,0.002227064787339268,0.059961130687438184,0.13243037524727994,0.002959245178041543,0.1905083147873393,0.0045271544263105834,0.5739444238377843,0.00742496599901088,0.02601732504945599
"Experiment: Alc, Phase: week1",05h,0.010994952264223973,0.05095511869436203,0.1166680105792801,0.0027814959360082567,0.1897614017546123,0.0043075087085537355,0.5933843213778867,0.006866049541994579,0.02428114114307831
"Experiment: Alc, Phase: week1",06h,0.004240077893175075,0.070645168768546,0.11679764774975272,0.0035847861028684472,0.18560212660731953,0.006197453016815035,0.5848614459693374,0.007975550197823937,0.02009574369436202
"Experiment: Alc, Phase: week1",07h,0.00189612630628306,0.08506281447555153,0.18087988646626246,0.019456360469616824,0.18149674235582508,0.018650416075345115,0.44407213585343824,0.021497629338149915,0.046987888659527806
"Experiment: Alc, Phase: week1",08h,0.005016691394658755,0.2270423775964391,0.18364359235905045,0.06782695042037588,0.19587815281899112,0.06659827831355093,0.10107759953016816,0.06479854413946587,0.08811781342729973
"Experiment: Alc, Phase: week1",09h,0.004938878854341375,0.2344133015094826,0.18280302541607532,0.051769529738098306,0.22398158302154555,0.055904480067088126,0.10010643787898335,0.06407036188878855,0.08201240162559671
"Experiment: Alc, Phase: week1",10h,0.004961053412462907,0.22951877177138436,0.1902544832924784,0.033069120113533745,0.1981115339956134,0.04218528254418785,0.17853018965294798,0.04599043671784286,0.07737912849954842
"Experiment: Alc, Phase: week1",11h,0.006817971068249259,0.21742550692383786,0.13986345511869439,0.03429617952522255,0.21718247712660732,0.047400856206726016,0.2126576409495549,0.054652726261127584,0.06970318681998021
"Experiment: Alc, Phase: week1",12h,0.007288575667655786,0.22081594646389713,0.16474020153313554,0.03674811449060337,0.22851098850148366,0.05120394411473788,0.14421751360039564,0.06029225395647873,0.08618246167161227
"Experiment: Alc, Phase: week1",13h,0.005649959817012859,0.17245108494065278,0.19542338958951533,0.0298644596933729,0.2292563056379822,0.04066981948565776,0.18005803350642924,0.05661782888229475,0.0900091184470821
"Experiment: Alc, Phase: week1",14h,0.0034390173995144328,0.1612881878877799,0.16018175074183977,0.026806969921769622,0.2030444935257621,0.04338203061775021,0.28314969989209604,0.06297292284866468,0.05573492716482329
"Experiment: Alc, Phase: week1",15h,0.002558464038434365,0.10931671259008054,0.15752879044792992,0.021253709198813055,0.1857487282746927,0.019029514624841034,0.4116817684046914,0.03879203758654798,0.054090274833969186
"Experiment: Alc, Phase: week1",16h,0.0030621048896916528,0.15401440136756547,0.18137659656818478,0.0206727357760289,0.2194374113017675,0.024768981421752028,0.29769223326022454,0.037978164107857044,0.06099737130692813
"Experiment: Alc, Phase: week1",17h,0.004313334569732938,0.2326919510385756,0.18065374629080114,0.026886591246290798,0.2122853301186943,0.03498701780415431,0.15787045623145401,0.0536530971810089,0.09665847551928783
"Experiment: Alc, Phase: week1",18h,0.004811475938588569,0.23160156753967232,0.15418776609469748,0.038520432847374525,0.2605861340472197,0.044832924783898845,0.12154883240872146,0.06341157592568701,0.0804992904141401
"Experiment: Alc, Phase: week1",19h,0.0023451851066836234,0.13480773986152325,0.18679039494135935,0.005496237812632472,0.3521769464462342,0.01529956196128303,0.23954094248975558,0.028956478733926806,0.03458651264660166
"Experiment: Alc, Phase: week1",20h,0.004218004128499549,0.05465585085795382,0.09456844278157658,0.0074466197909947105,0.23657592568700814,0.007509918075087086,0.5487183105405754,0.01120137724164624,0.0351055508966585
"Experiment: Alc, Phase: week1",21h,0.0014401367565475421,0.04815346406915237,0.06874072700296736,0.003818458908527932,0.17042155850857957,0.006285479292994452,0.6504289769062056,0.013319652302928654,0.0373915462520965
"Experiment: Alc, Phase: week1",22h,0.00136699431256182,0.09056936201780415,0.16007086115232447,0.0060448349406528185,0.2154789502967359,0.011377967359050445,0.4408065961918892,0.01346670994065282,0.06081772378832839
"Experiment: Alc, Phase: week1",23h,0.0012232628585558852,0.05197437561819979,0.13648228857566763,0.002703465009891197,0.22340852188427296,0.0036751978239366965,0.5564331416913947,0.007409897378832838,0.016689849159248267
"Experiment: Alc, Phase: week2",00h,0.001611293627243182,0.036030450755970035,0.0709077380952381,0.0008429595873957892,0.26676933199095665,0.0019144323159530877,0.586067763529744,0.0040739366963402565,0.031782093401158694
"Experiment: Alc, Phase: week2",01h,0.0004506676557863501,0.036634133902077155,0.06941162833827894,0.001182770771513353,0.25728602559347186,0.0016158197329376855,0.5919213649851632,0.004937870919881306,0.03655971810089022
"Experiment: Alc, Phase: week2",02h,0.0006560645400593471,0.045761313056379815,0.07790152077151337,0.0014071772997032643,0.24224846995548965,0.0023050352373887245,0.5969459384272998,0.005930313427299704,0.026844167284866473
"Experiment: Alc, Phase: week2",03h,0.0007650222551928784,0.03766183587678395,0.1003283082520842,0.001004574678536103,0.2638456884979511,0.0020186431397484807,0.5707481100748906,0.0044296223682351275,0.019198194856577644
"Experiment: Alc, Phase: week2",04h,0.0013588333212708982,0.06990867228776144,0.09097465983932837,0.0018100437866396468,0.29784866468842736,0.0032423825721936746,0.5038290692625027,0.005757852645292032,0.025269821596583922
"Experiment: Alc, Phase: week2",05h,0.0006784742828882294,0.05122359403702135,0.12105676840469123,0.0029956196128302953,0.2362896531015967,0.004431830224671472,0.5473311431397485,0.005641956337431114,0.030350960859121093
"Experiment: Alc, Phase: week2",06h,0.002859475645943403,0.11183958167474847,0.146161883911124,0.013519803502931171,0.2944753293044799,0.016162155315915173,0.32712351632047487,0.017118857204892524,0.07073939711949048
"Experiment: Alc, Phase: week2",07h,0.00509992219729319,0.218036205399146,0.16228898277484258,0.03652520445827604,0.25648069407251933,0.04021246471737713,0.12857010385756676,0.04749108887602228,0.10529533364695666
"Experiment: Alc, Phase: week2",08h,0.005130455236303105,0.212258675906492,0.1640300445103858,0.028807130708547443,0.25905451617572545,0.04114790656437721,0.14064829557791128,0.043776235796482585,0.10514673952377507
"Experiment: Alc, Phase: week2",09h,0.003957637858555885,0.20035353301186945,0.17095233679525226,0.02299355526706232,0.2955620981701285,0.0338935769040554,0.11678451100395648,0.047751684594460934,0.10775106639465876
"Experiment: Alc, Phase: week2",10h,0.003297558379563928,0.17023972713198296,0.13627435169655525,0.01849438782092633,0.357652238420849,0.04049880660559928,0.143142013933686,0.04936862985421237,0.08103228615662494
"Experiment: Alc, Phase: week2",11h,0.0018976356235258312,0.15808343795176139,0.132431712698775,0.012217530244236477,0.3522875770372061,0.04079500494559841,0.16038575667655786,0.0610900289127292,0.08081131590960969
"Experiment: Alc, Phase: week2",12h,0.0024086015369398158,0.1121129118161759,0.13163447272312256,0.009515046032108348,0.2951580689340333,0.022290620482386062,0.31365104047782094,0.038381648025564936,0.07484758997184812
"Experiment: Alc, Phase: week2",13h,0.0014965712528045164,0.1020744372873996,0.13642727256278495,0.007922758196424693,0.34885964753564447,0.016727808134906277,0.2785407016718535,0.032325215314467685,0.07562558804371425
"Experiment: Alc, Phase: week2",14h,0.001821578490265615,0.0694511290439314,0.12473492798726207,0.007212808496779329,0.2904585383947312,0.013034893609321849,0.39961845009770564,0.023985624592892815,0.06968204928711007
"Experiment: Alc, Phase: week2",15h,0.0024158733102538745,0.11253760715463239,0.14394061160567093,0.009342029343883946,0.30405049662050776,0.017050208127266726,0.31466575997362345,0.02302021513353116,0.07297719873062976
"Experiment: Alc, Phase: week2",16h,0.0037800710046629934,0.16693624593754416,0.156854952663558,0.016866919245442983,0.2920340539776742,0.02227219337289812,0.21847379715981358,0.029585497032640955,0.09319626960576517
"Experiment: Alc, Phase: week2",17h,0.004713464391691393,0.22167447143916919,0.11695776149851633,0.027615912462908017,0.2879629543768546,0.031776706231454004,0.1541740077893175,0.04338487574183976,0.11173984606824923
"Experiment: Alc, Phase: week2",18h,0.002134114031369224,0.14865696092977249,0.13274516037869155,0.009078705666242757,0.3333790359615656,0.0163052405680373,0.2624081531722481,0.029207953582026276,0.06608467571004663
"Experiment: Alc, Phase: week2",19h,0.0006434555258015487,0.05619436201780416,0.07004708873127306,0.0019466508648766016,0.34102306036042557,0.0034221882463631764,0.46993897915611205,0.011854282767605123,0.04492993232973873
"Experiment: Alc, Phase: week2",20h,0.0006557673286159933,0.05224715628090999,0.055364072129650777,0.003129993152248345,0.2978137126226888,0.003117629156204824,0.549934613482462,0.00915506353191813,0.02858199231530092
"Experiment: Alc, Phase: week2",21h,0.0009994966087325137,0.04675312632471386,0.05503325031793132,0.001475952027695351,0.27747346156563507,0.0030947523668221,0.5794274145117988,0.008591652536385472,0.027150893740285433
"Experiment: Alc, Phase: week2",22h,0.0006440317224812775,0.04529836971880741,0.07327963826480148,0.0017453105129292077,0.3260652907305356,0.0028646937261551505,0.5229963702840186,0.008618809170552492,0.018487485869718805
"Experiment: Alc, Phase: week2",23h,0.0006120178041543027,0.04361355447223399,0.05682757524374736,0.0016638406104281477,0.26752574360604775,0.0023663805284725166,0.5828617351985304,0.006539229193160946,0.03798992334322452
"Experiment: Alc, Phase: week3",00h,0.0002266732607978899,0.03329521101219915,0.03720635509396638,0.00042939127926145727,0.3394934367787668,0.0010468183316848006,0.5418698998516319,0.005601147790966041,0.04083106660072536
"Experiment: Alc, Phase: week3",01h,0.0004131635344543358,0.04856680679195516,0.05730815199472469,0.0004162545334652159,0.3617166893339927,0.0018824183976261129,0.48113846645235736,0.009107371002307945,0.039450677959116394
"Experiment: Alc, Phase: week3",02h,0.0002573256676557864,0.03821221768875701,0.04272301557863501,0.0002740685789647214,0.32086630398944943,0.0009914379327398614,0.5609591369930762,0.005880368034948895,0.029836125535773157
"Experiment: Alc, Phase: week3",03h,0.00034052505769864826,0.041297807451368275,0.05566554360369272,0.0008917532146389713,0.30264718306956806,0.0015738336630398944,0.5571229496373227,0.007720027612924498,0.03274037668974614
"Experiment: Alc, Phase: week3",04h,0.0006461954217888934,0.051393334039847395,0.08564752013565072,0.0004957079270877491,0.31759246502755395,0.0020419139465875373,0.5068032005086902,0.004595432386604493,0.030784230606189063
"Experiment: Alc, Phase: week3",05h,0.0005468492416749093,0.047740479723046486,0.08042908217936036,0.0003660257995384108,0.272382696587537,0.001765475601714474,0.5586372815694032,0.0037122898120672604,0.03441981948565776
"Experiment: Alc, Phase: week3",06h,0.0029400552258489945,0.11535093142103528,0.17304159454335644,0.00993884973623475,0.31694923549291126,0.01686346027035938,0.23439045499505434,0.021680267062314542,0.10884515125288494
"Experiment: Alc, Phase: week3",07h,0.004393281051292921,0.1902244065281899,0.1632169351420093,0.0277940864773209,0.29529064222128015,0.04116866256888512,0.10099989402289108,0.04256199660873251,0.13435009537939804
"Experiment: Alc, Phase: week3",08h,0.0036519711742263664,0.15782746926663838,0.16280309453158118,0.016246290801186943,0.28574289953370063,0.03083562950402712,0.19329774268757946,0.037581337431114886,0.11201356506994489
"Experiment: Alc, Phase: week3",09h,0.0042022131552917905,0.15508855712166172,0.15572839391691395,0.022486245054401582,0.3115827460435212,0.03448704871414441,0.14069377472799208,0.051516135014836796,0.12421488625123639
"Experiment: Alc, Phase: week3",10h,0.0012900375283644617,0.11582136934892653,0.14324543986734162,0.005401248036306511,0.36129014662244713,0.027814627334613373,0.20140185896316987,0.0454644135102112,0.0982708587886193
"Experiment: Alc, Phase: week3",11h,0.001924919634025717,0.10599859874711506,0.1472598293768546,0.006425156610616552,0.33846722510715455,0.028062407270029677,0.25008500247279924,0.042307018628420706,0.07946984215298385
"Experiment: Alc, Phase: week3",12h,0.0014348266628066875,0.10887131794166603,0.12638393826445685,0.006060695158138526,0.329178729101831,0.01855300535572121,0.28728830426286467,0.0359842042411522,0.08624497901136283
"Experiment: Alc, Phase: week3",13h,0.0012140840992979662,0.0718625606137367,0.1217469874068177,0.004968969385539553,0.2932976586813345,0.011414607005862344,0.3832052453499312,0.016943348773250346,0.09534653868422954
"Experiment: Alc, Phase: week3",14h,0.0011578882294757664,0.08099190158259148,0.13663297477744807,0.0043691271018793275,0.2987506181998022,0.008376607319485658,0.3591682121661721,0.013904859050445108,0.09664781157270029
"Experiment: Alc, Phase: week3",15h,0.002251483679525222,0.09169642857142855,0.14662409919457398,0.009186360746078846,0.2895185989826198,0.013748410343365833,0.3052652077151335,0.020774692666384063,0.12093471810089018
"Experiment: Alc, Phase: week3",16h,0.003645290319993585,0.14880202903199935,0.1567507418397626,0.011442377095196085,0.28429204426978905,0.015618985083005858,0.20030224957895582,0.02283914106985324,0.1563071417114444
"Experiment: Alc, Phase: week3",17h,0.004184955077481043,0.19419510385756678,0.11495734421364984,0.025234658341575997,0.2800617684635674,0.021390228321793603,0.17108653766897464,0.032606948565776464,0.15628245548961428
"Experiment: Alc, Phase: week3",18h,0.0013167655786350146,0.13708926077849537,0.07112170535870135,0.006911655611799615,0.3618740727002968,0.010974591988130566,0.3058602613894222,0.02217828155000873,0.0826734050445104
"Experiment: Alc, Phase: week3",19h,0.0005301504874947012,0.04973903136922425,0.0577408329800763,0.004340822382365408,0.377233732513777,0.003154143704959729,0.46104201992369653,0.008209516744383215,0.038009749894022886
"Experiment: Alc, Phase: week3",20h,0.00048465046255891076,0.04814621879909234,0.04886487606912199,0.0007592948158491883,0.3469134556641648,0.0015644091464478965,0.5047164099319252,0.005998538139291325,0.042552146971548264
"Experiment: Alc, Phase: week3",21h,0.0005463340751730959,0.03959827316188591,0.04703186819980217,9.169963732278271e-05,0.40315745548961435,0.0013373722387075503,0.44935269329047145,0.007634767556874382,0.05124953635014838
"Experiment: Alc, Phase: week3",22h,0.00025169563374311145,0.03296073548113608,0.046654832556167876,0.00030256464603645606,0.3766919245442984,0.0014696375582874102,0.5046364985163205,0.004931114879186096,0.03210099618482408
"Experiment: Alc, Phase: week3",23h,0.0001872630234091658,0.03647430349488955,0.041140939251566117,0.00068388353115727,0.3393855093966371,0.001502998269040554,0.5401242581602373,0.007565992828882296,0.032934852044180674
"Experiment: Alc, Phase: week4",00h,0.0006918462133918204,0.02090536704941298,0.06481462069410399,0.00013143465359308475,0.3442785608308605,0.000824087214552961,0.5413341826861048,0.005046123080892788,0.021973777577086823
"Experiment: Alc, Phase: week4",01h,0.00020477868447082095,0.029638430390702273,0.06298683234421365,0.00020091493570722056,0.2891587073442136,0.000730248516320475,0.5835891135014835,0.0034503276458951533,0.030040646636993077
"Experiment: Alc, Phase: week4",02h,0.0009698009396636992,0.029240464268051432,0.03986615974282889,0.0001317538328387735,0.3147135416666667,0.0008755254698318498,0.5922879574678536,0.004049595079129575,0.017865201533135512
"Experiment: Alc, Phase: week4",03h,0.0006825732163591794,0.05843762095213519,0.07366912333892399,0.0007801412720939234,0.3387397593858857,0.0020045800541865564,0.48573692104244615,0.007967520319958715,0.03198176041801058
"Experiment: Alc, Phase: week4",04h,0.0002298930514342235,0.039771111523244314,0.07168026706231453,0.0003960342482690405,0.34317391505934713,0.0009365727002967357,0.50107953140455,0.005259721191889218,0.037472953758654795
"Experiment: Alc, Phase: week4",05h,0.0004826594955489614,0.047913575667655785,0.10663297477744807,0.0014354599406528191,0.2687453635014837,0.002451316765578635,0.5370692692878337,0.005905508160237389,0.029363872403560837
"Experiment: Alc, Phase: week4",06h,0.00048784027867371964,0.05291091472068119,0.11814241710747003,0.0017070378015739906,0.30123169591020516,0.003186282415172236,0.48416172106824934,0.005976648174429106,0.03219544252354535
"Experiment: Alc, Phase: week4",07h,0.005741917037586547,0.1522220419139466,0.1848753554648863,0.026144056008902076,0.29094375927299704,0.02956424641444114,0.14872959940652813,0.03857219028189911,0.12320683419881302
"Experiment: Alc, Phase: week4",08h,0.006699941942975099,0.1908495677977035,0.1666821216617211,0.024639965810863116,0.30003306025029025,0.03559298800154819,0.08865267384853567,0.04310895368339569,0.1437407270029674
"Experiment: Alc, Phase: week4",09h,0.003947720903395978,0.15987265084075172,0.1480603981206726,0.019371290801186943,0.3156265454995055,0.025104063633366303,0.16369054978569073,0.0394432080448401,0.12488357237059018
"Experiment: Alc, Phase: week4",10h,0.0017689605515796823,0.10708675161459244,0.12603639378600107,0.002808627160062838,0.4279744501658231,0.03010342119043463,0.17899447983941355,0.05841333566067376,0.0668135800314191
"Experiment: Alc, Phase: week4",11h,0.0008627918978196359,0.07118275061282416,0.12451336924267839,0.0033431170171590754,0.37168147658366657,0.014952506128241517,0.33390933427944774,0.021669381370145787,0.05788527286801703
"Experiment: Alc, Phase: week4",12h,0.0009759829376854599,0.0798246078846969,0.10542172265790588,0.005730712166172107,0.3811725042390844,0.019396791543026703,0.3003099830436625,0.02886154090716405,0.07830615462060196
"Experiment: Alc, Phase: week4",13h,0.0006471227214921576,0.057951263777024156,0.08919265313692241,0.001425060936837643,0.33108010544722344,0.009478658859686307,0.439673524268758,0.014352612335735482,0.056198998516320486
"Experiment: Alc, Phase: week4",14h,0.0003608741345202769,0.05967946340257171,0.11541017556874382,0.002223973788328388,0.2983223602868447,0.01220558234421365,0.41255641073194854,0.01998176310583581,0.07925939663699308
"Experiment: Alc, Phase: week4",15h,0.0028472132628047995,0.07765772158431171,0.13269820023222811,0.014011095342536443,0.3329505870210294,0.011374741968778222,0.32847092310669596,0.025109260095471552,0.0748802573861437
