experimental phase,hour,drink,eat,groom,hang,sniff,rear,rest,walk,eathand
"Experiment: FC-A, Phase: preexposure",00h,0.0013105835806132542,0.11894370260468184,0.05758196299043851,0.050887631882624455,0.23494915306627107,0.007849849571381469,0.4997406136663371,0.015279323277283216,0.013457179360369272
"Experiment: FC-A, Phase: preexposure",01h,0.0008605856412792613,0.12884983926805144,0.057127843719090014,0.054834064869765914,0.24623516320474778,0.009054308852621169,0.4672441683151995,0.01919458869106495,0.016599437438180018
"Experiment: FC-A, Phase: preexposure",02h,0.0005283032476096275,0.10877457344213651,0.059526716534784044,0.036944392927794265,0.22809949925816028,0.0057005749258160245,0.5366592482690405,0.011571669963732278,0.012195021430926475
"Experiment: FC-A, Phase: preexposure",03h,0.0013760097263435544,0.15543964309264757,0.06179216122650841,0.04699168521266073,0.22360158053082754,0.007934336877678867,0.470395184223541,0.015451904055390701,0.017017495054401578
"Experiment: FC-A, Phase: preexposure",04h,0.00214978981206726,0.2272685356907353,0.05965241716122649,0.11265223170128584,0.24359158630069244,0.015461177052423345,0.2812971377349159,0.030359534701615565,0.027567589845037918
"Experiment: FC-A, Phase: preexposure",05h,0.002592575420375866,0.22415718760303335,0.064004543768546,0.10487965710517638,0.31976642350807777,0.01581896018793274,0.20826249793933405,0.03616984009231784,0.024348314375206064
"Experiment: FC-A, Phase: preexposure",06h,0.001942950461589185,0.15303896719419724,0.05904555102209033,0.037085806132542046,0.3389383448730629,0.009271709116386416,0.35141284413122326,0.021862893587207388,0.027400933481701285
"Experiment: FC-A, Phase: preexposure",07h,0.0002591287504121333,0.0602950873722387,0.0424334920046159,0.0038768855093966373,0.19637503090999012,0.0014566332838773489,0.6761998227827236,0.006073555473128915,0.013030363913616878
"Experiment: FC-A, Phase: preexposure",08h,0.0004252699472469503,0.04389708003626772,0.04887693702604681,0.004837928618529509,0.16823045458292124,0.0022729146060006594,0.7195776149851633,0.004172333498186614,0.007709466699637323
"Experiment: FC-A, Phase: preexposure",09h,0.0003557902545681712,0.03438720131188505,0.052056165078869274,0.005482293456192409,0.2734572661252538,0.002225031235358425,0.6185430657504295,0.005052319225363111,0.008440867562080276
"Experiment: FC-A, Phase: preexposure",10h,0.0006769287833827893,0.028087908011869434,0.06255535698228577,0.006948565776458951,0.20499702140095316,0.0021327893175074183,0.6748859140365076,0.0054232982645445555,0.014292217426490422
"Experiment: FC-A, Phase: preexposure",11h,0.00040955736894164195,0.030252380069238374,0.053507511127596434,0.00478486646884273,0.14995466534784044,0.0017355959446092978,0.7435225539894493,0.004592709363666338,0.011240160319815364
"Experiment: FC-A, Phase: preexposure",12h,0.0002704624134520277,0.023233494065281895,0.0961362512363996,0.003725272007912957,0.1289413328387735,0.0012490727002967357,0.7310605217606331,0.003585867952522255,0.01179772502472799
"Experiment: FC-A, Phase: preexposure",13h,0.00019761076435076232,0.04246872761690372,0.10233999283740919,0.004626266243732733,0.15417700552542718,0.002031745625703469,0.6799217231147038,0.005063376138340326,0.009173552133428835
"Experiment: FC-A, Phase: preexposure",14h,0.0002500618199802176,0.034824431256182,0.09738068743818003,0.006792470326409493,0.10722768298714146,0.0016441023738872401,0.736541172106825,0.004118447082096933,0.011220944609297725
"Experiment: FC-A, Phase: preexposure",15h,0.00027355341246290796,0.1250547106824926,0.07386931256181997,0.009736337784371909,0.12957220573689415,0.00359297725024728,0.6394630934718101,0.006925074183976262,0.011512734915924827
"Experiment: FC-A, Phase: preexposure",16h,0.00045159495548961423,0.1291648120672601,0.0786078140454995,0.014509767556874381,0.1471494807121662,0.00365108803165183,0.6068586177052422,0.007486090504451037,0.012120734421364986
"Experiment: FC-A, Phase: preexposure",17h,0.0006781651829871414,0.1274533259149357,0.113426990603363,0.01344213649851632,0.19379821958456972,0.003860966864490604,0.5142884520276955,0.011139342235410483,0.021912401088031653
"Experiment: FC-A, Phase: preexposure",18h,0.0008762982195845698,0.15389373145400595,0.09461424332344213,0.07008932987141445,0.22260107566765575,0.012940776458951532,0.4019309470820968,0.023647069732937686,0.019406528189910975
"Experiment: FC-A, Phase: preexposure",19h,0.0018923095944609297,0.2086390331355094,0.07547045004945599,0.13975952027695354,0.23032486399604352,0.019946525717111772,0.27017124134520276,0.03247712660731948,0.02131892927794263
"Experiment: FC-A, Phase: preexposure",20h,0.0024292676393010224,0.2325106124299373,0.06752802505769866,0.17147986729310916,0.24225215339597764,0.025293387322782718,0.19459178206396305,0.04066106165512693,0.023253843142103523
"Experiment: FC-A, Phase: preexposure",21h,0.002227064787339268,0.18077063757006265,0.061114202110122,0.11889811036927135,0.2720542779426311,0.017881171694691726,0.294478960600066,0.03535948318496539,0.017216091740850644
"Experiment: FC-A, Phase: preexposure",22h,0.0020501050939663703,0.18820989943949884,0.05430782228816353,0.11859261663369601,0.278544345532476,0.018043964309264755,0.2808319423837784,0.040413008984503784,0.01900629533465216
"Experiment: FC-A, Phase: preexposure",23h,0.0008278725684141117,0.1332820742664029,0.053170592235410485,0.05506640496208375,0.2781121208374547,0.010050383283877352,0.42974133489943944,0.024618261622156277,0.015130955324760961
"Experiment: FC-A, Phase: postcond",00h,0.0015215442631058356,0.08655106330365975,0.05520369683481701,0.03472737388724036,0.31934501730959447,0.006977157517309595,0.4599120610781404,0.02456416913946587,0.011197916666666667
"Experiment: FC-A, Phase: postcond",01h,0.0005216060830860533,0.04466570845697329,0.04309625370919881,0.002353795746785361,0.18897517927794263,0.0010115294263105836,0.7074168521266073,0.0050290553907022745,0.006930019782393671
"Experiment: FC-A, Phase: postcond",02h,6.259272997032641e-05,0.07184640825914936,0.06897255192878339,0.00742998887240356,0.19132202027695347,0.0018530539070227498,0.6428049270524233,0.0046187252720079125,0.011089731701285856
"Experiment: FC-A, Phase: postcond",03h,0.0006328820474777447,0.08271745178041544,0.09965226261127597,0.015725457467853605,0.2817267865974282,0.004817321958456974,0.47196154797230455,0.010517124134520278,0.03224916543026707
"Experiment: FC-A, Phase: postcond",04h,0.0021853363006923837,0.1683960806132542,0.10559161721068248,0.07735688674579623,0.2910144658753709,0.014645926063303658,0.27130084693372897,0.02989691518298714,0.03961192507418398
"Experiment: FC-A, Phase: postcond",05h,0.003162091988130564,0.21742396142433232,0.09885555761622156,0.08355665801186944,0.3572661659248269,0.016794170375865478,0.13159851013847676,0.04592529055390702,0.045417593966369935
"Experiment: FC-A, Phase: postcond",06h,0.002606484915924827,0.12588557121661723,0.08342451780415429,0.030492705242334325,0.4733617705242335,0.009365727002967358,0.20277030786350148,0.03027015331355094,0.04182276211671612
"Experiment: FC-A, Phase: postcond",07h,0.0006800197823936695,0.04222072823936696,0.04811989985163204,0.009469275469831851,0.29003848293768547,0.002800445103857567,0.5773136127596439,0.007004976508407517,0.02235255934718101
"Experiment: FC-A, Phase: postcond",08h,0.0005161968348170128,0.037821463897131556,0.033208147873392685,0.0056240727002967355,0.15647564292779426,0.0016181379821958457,0.7443651088031652,0.004345944609297725,0.016025284371909
"Experiment: FC-A, Phase: postcond",09h,0.0029828140454995055,0.12663436572700296,0.04912756552917904,0.03241376112759644,0.3230472613748764,0.01972907393669634,0.36990989737883284,0.039033908259149354,0.03712135262116716
"Experiment: FC-A, Phase: postcond",10h,0.0024017062314540057,0.14515408630069238,0.07722551928783382,0.026468224530168147,0.43196402077151336,0.027356113996043523,0.22255656528189907,0.04090318991097923,0.02597057368941642
"Experiment: FC-A, Phase: postcond",11h,0.0006429277942631059,0.05428953387734916,0.057948503956478735,0.005034464638971315,0.23403267185954502,0.0033931441641938676,0.6172640022255192,0.009027262611275963,0.01836748887240356
"Experiment: FC-A, Phase: postcond",12h,0.0005339700791295747,0.046877318249258164,0.034065900098911965,0.0010578944114737882,0.12544355835806134,0.0013430390702274975,0.7740216988130565,0.004070072947576656,0.01258654797230465
"Experiment: FC-A, Phase: postcond",13h,0.0004466493570722057,0.04553118818001978,0.05422694114737883,0.003182956231454006,0.13292454871414444,0.0013329933234421363,0.7396513353115727,0.0034194176557863494,0.019283970079129575
"Experiment: FC-A, Phase: postcond",14h,0.000429648862512364,0.035262889465875365,0.045616190652818994,0.0008098417408506428,0.1670746785361029,0.0013368570722057372,0.7261637611275965,0.003821247527200791,0.019484885014836795
"Experiment: FC-A, Phase: postcond",15h,0.0004111028684470821,0.048799146884273,0.10856438550939664,0.0007171117705242334,0.16355171241345204,0.001815961918892186,0.6581146451533135,0.004238532393669634,0.013787401088031651
"Experiment: FC-A, Phase: postcond",16h,0.00020091493570722062,0.05857211300692384,0.07657563674579623,0.0032385942136498517,0.11275964391691394,0.002920994065281899,0.707721315529179,0.004096346439169139,0.033914441147378835
"Experiment: FC-A, Phase: postcond",17h,0.0006081540553907023,0.08460064292779428,0.09060645400593471,0.0025979846686449057,0.14020694238377843,0.0028607195845697327,0.6380965628091,0.0052964268051434215,0.03512611275964392
"Experiment: FC-A, Phase: postcond",18h,0.00204392309594461,0.15781559099901088,0.1633160237388724,0.08540430267062316,0.259968471810089,0.021283073689416416,0.2471392804154303,0.03712753461918892,0.025901798961424333
"Experiment: FC-A, Phase: postcond",19h,0.0036079685954500495,0.21202244065281903,0.091290337537092,0.11532053659742829,0.3155114057863501,0.0253886931256182,0.1536404240850643,0.04784248269040555,0.03537571092977251
"Experiment: FC-A, Phase: postcond",20h,0.0015825914935707218,0.14754420128585558,0.08663374752720081,0.046420623145400595,0.3507603857566766,0.014768793273986154,0.2883863439663699,0.035132294757665675,0.028771018793273984
"Experiment: FC-A, Phase: postcond",21h,0.0017943249258160238,0.13956478733926805,0.06697885756676557,0.03268345079129575,0.3324848541048467,0.01111909619188922,0.3571966184470821,0.03255285608308606,0.025625154549950544
"Experiment: FC-A, Phase: postcond",22h,0.0010115294263105836,0.1292068496538081,0.07793490356083087,0.019494158011869437,0.26887673095944614,0.007096160979228487,0.4538282022749753,0.023015578635014838,0.019535886498516317
"Experiment: FC-A, Phase: postcond",23h,0.0008492519782393669,0.11690003709198814,0.06824539441147379,0.025641382294757667,0.32100565652818985,0.006967884520276954,0.4092536782888229,0.034650098911968345,0.016486615974282887
"Experiment: FC-A, Phase: postret",00h,0.0011727250247279921,0.08959322453016814,0.09918212166172108,0.023982443125618202,0.2866496661721068,0.005963464391691395,0.45420654055390713,0.016879636498516325,0.022370178041543023
"Experiment: FC-A, Phase: postret",01h,0.000556070722057369,0.06475488377843719,0.08853641196834817,0.014384272997032642,0.2577463526211672,0.0024017062314540052,0.544304834322453,0.009995981701285859,0.017319485657764585
"Experiment: FC-A, Phase: postret",02h,0.0006902200791295747,0.061556936201780425,0.11591771760633039,0.011946092977250248,0.20934409000989118,0.0026097304648862512,0.5709390454995055,0.0063563303659742824,0.020639836795252223
"Experiment: FC-A, Phase: postret",03h,0.001946402077151335,0.1314564787339268,0.13935552670623147,0.027113316023738877,0.23204716864490602,0.005454995054401582,0.41581262363996035,0.013330242334322454,0.033483246785361034
"Experiment: FC-A, Phase: postret",04h,0.0029043026706231457,0.22351755687438177,0.11826254945598419,0.06574709446092977,0.2727089515331355,0.012967977250247283,0.22255347428288824,0.02445474777448071,0.05688334569732937
"Experiment: FC-A, Phase: postret",05h,0.0029791048466864495,0.2431892927794263,0.09590906280909987,0.07155909990108804,0.3500574925816024,0.014487203264094953,0.1442869065281899,0.03318249258160237,0.0443493447082097
"Experiment: FC-A, Phase: postret",06h,0.0026876236399604354,0.14301009211177051,0.06712027077151336,0.028956865108803163,0.3760636900346192,0.01043946278437191,0.3102331386003956,0.024645694238377844,0.036843162710187935
"Experiment: FC-A, Phase: postret",07h,0.0009168675816023739,0.040474700173095936,0.04227752534619189,0.006039425692383779,0.21542331231454007,0.0022544974035608313,0.6625757294757666,0.007300553288822945,0.022737388724035617
"Experiment: FC-A, Phase: postret",08h,0.00023646142433234418,0.022043845820969337,0.03294579933234421,0.0017835064292779429,0.17266165924826904,0.0013256522007912958,0.7539035453758655,0.002816672848664688,0.01228285731948566
"Experiment: FC-A, Phase: postret",09h,0.000673451409495549,0.027785376483679528,0.03959801557863501,0.002450775840751731,0.1625347737388724,0.0011019411473788328,0.7437214082591493,0.002948426681503462,0.019185830860534128
"Experiment: FC-A, Phase: postret",10h,0.000546720450049456,0.029139620425321464,0.03942376050939663,0.0015049301434223543,0.18394998763600393,0.0007283166419386745,0.72647015640455,0.0027498299950544022,0.015486677794263106
"Experiment: FC-A, Phase: postret",11h,0.0006243818001978239,0.01687597145683199,0.050071092977250244,0.0019150946728839903,0.17490241274551366,0.0006539670764448213,0.740626766285149,0.002013565069944892,0.012316747915783527
"Experiment: FC-A, Phase: postret",12h,0.0012274700516540279,0.03806118804264205,0.04910773161885922,0.004820241235300582,0.24870590174744472,0.001518023958676778,0.6328593801516651,0.005160938015166501,0.018539125178591048
"Experiment: FC-A, Phase: postret",13h,0.0008871167161226507,0.02722304648862512,0.040825914935707225,0.0024582715133531154,0.17408660979228488,0.0010840133531157268,0.7378344460929771,0.0033528066271018794,0.012247774480712166
"Experiment: FC-A, Phase: postret",14h,0.0004927052423343225,0.039719337289812064,0.04920530415430268,0.0023228857566765576,0.2195375865479723,0.0013019287833827893,0.667423034124629,0.0044634025717111775,0.015533815529179033
"Experiment: FC-A, Phase: postret",15h,0.0005746167161226509,0.028805947082096932,0.05670221315529179,0.0013343842729970326,0.15202707715133526,0.0007449307616221562,0.7443802546983183,0.0017108679525222555,0.013719708209693371
"Experiment: FC-A, Phase: postret",16h,0.0007467853610286845,0.04288915677546983,0.052063860039564806,0.0018508902077151337,0.18609483184965378,0.000730403066271019,0.6926647502472799,0.0027546983184965376,0.020204624134520267
"Experiment: FC-A, Phase: postret",17h,0.0008345697329376852,0.07876916419386745,0.09772471562809096,0.010181750741839763,0.2518450173095944,0.002857010385756677,0.5276335311572701,0.00730403066271019,0.02285021018793274
"Experiment: FC-A, Phase: postret",18h,0.0025717111770524226,0.1736520153313551,0.1549576533135509,0.06519164193867458,0.2902293521266073,0.015337227992087045,0.23434285361028684,0.025964391691394653,0.037753152818991095
"Experiment: FC-A, Phase: postret",19h,0.0030841988130563803,0.23646698813056377,0.11752812809099905,0.08971531899109793,0.33135045746785363,0.019645771513353113,0.1223191765578635,0.03536504698318497,0.0445249134520277
"Experiment: FC-A, Phase: postret",20h,0.001945165677546983,0.16388754945598416,0.12675568743818003,0.05170252225519288,0.34481824925816024,0.012290430267062313,0.23900284371909003,0.026856763105835808,0.03274078882294758
"Experiment: FC-A, Phase: postret",21h,0.0021522626112759646,0.16139156775469832,0.11753771018793273,0.051278128090999006,0.3230078511374877,0.012597057368941641,0.27437654549950546,0.027464453511374887,0.030194423837784368
"Experiment: FC-A, Phase: postret",22h,0.0031917655786350145,0.17527046241345198,0.09945814787339269,0.06475673837784372,0.31912153808110777,0.014617643422354104,0.2604123392680514,0.033966369930761624,0.02920499505440159
"Experiment: FC-A, Phase: postret",23h,0.002478363006923838,0.1297644658753709,0.10624474530168149,0.04645029673590503,0.31428165182987144,0.010723602868447084,0.337363377843719,0.025127967359050443,0.027565529179030667
"Experiment: FC-A, Phase: postext",00h,0.0008832529673590503,0.08199029426310585,0.13199802176063305,0.020869652571711177,0.24127797354104843,0.004837413452027695,0.4699006243818002,0.021179525222551936,0.02706324183976261
"Experiment: FC-A, Phase: postext",01h,0.0006406095450049457,0.07755316518298715,0.07517850519287833,0.015781868199802176,0.15662864737883284,0.00283212784371909,0.6450242643422354,0.008123145400593472,0.018237666913946588
"Experiment: FC-A, Phase: postext",02h,0.000469831849653808,0.07914966617210681,0.10284990108803164,0.005382202027695351,0.16657007294757667,0.0018770091493570719,0.6182917593966369,0.0068048343224530175,0.018604723046488626
"Experiment: FC-A, Phase: postext",03h,0.0006475642927794263,0.13686711795252227,0.1592173590504451,0.03011173961424332,0.20734885014836793,0.006276273491592482,0.42206509643916923,0.011534835558852619,0.025931163452027697
"Experiment: FC-A, Phase: postext",04h,0.002503709198813056,0.22842946340257173,0.11394736028684471,0.07858324060336301,0.23082421488625127,0.012956695103857567,0.26045684965380816,0.02223123763600396,0.05006722922848664
"Experiment: FC-A, Phase: postext",05h,0.003033042779426311,0.21081695103857567,0.0978409371909001,0.06360966864490604,0.37324044881305646,0.014041635756676557,0.16135555761622158,0.03018592359050445,0.04587583456973293
"Experiment: FC-A, Phase: postext",06h,0.0017780971810089018,0.11987744188921858,0.07393283259149357,0.016825080365974285,0.3423010942136499,0.006270864243323442,0.39255069238377843,0.016817352868447082,0.029646544263105836
"Experiment: FC-A, Phase: postext",07h,0.0005996538081107814,0.04634102992087042,0.07898661597428287,0.002817445598417408,0.24722737388724036,0.0024071154797230465,0.6070382047477745,0.00381197453016815,0.010770586053412462
"Experiment: FC-A, Phase: postext",08h,-,-,-,-,-,-,-,-,-
"Experiment: FC-A, Phase: postext",09h,0.001228672106824926,0.07177299703264095,0.07328604104846687,0.007874319980217606,0.1704392309594461,0.0030600890207715136,0.6516876854599407,0.0055560707220573685,0.015094893669634025
"Experiment: FC-A, Phase: postext",10h,0.00048065034619188923,0.049646080613254207,0.09076409495548961,0.0033073689416419382,0.1594321834817013,0.0017046859545004945,0.6750695474777447,0.005438612759643917,0.01415677546983185
"Experiment: FC-A, Phase: postext",11h,0.0003044634025717112,0.04594460929772503,0.08945351137487635,0.008926805143422355,0.12604939416419386,0.0016861399604352128,0.7049888724035608,0.0029642680514342236,0.019681936201780416
"Experiment: FC-A, Phase: postext",12h,0.0005316518298714145,0.027769535113748762,0.05521296983184965,0.0009412091988130563,0.10741839762611277,0.0008963897131552918,0.7849530168150346,0.0017433234421364988,0.020533506429277943
"Experiment: FC-A, Phase: postext",13h,1.5454995054401582e-05,0.01972675568743818,0.07333549703264094,0.0012132171117705242,0.08327151335311572,0.0007124752720079129,0.813479846686449,0.0007990232443125619,0.007446216617210681
"Experiment: FC-A, Phase: postext",14h,0.0013059470820969336,0.08330860534124629,0.11448133036597426,0.008477064787339268,0.2596485534124629,0.004645771513353116,0.49349499258160234,0.012926557863501484,0.02171117705242334
"Experiment: FC-A, Phase: postext",15h,3.0909990108803164e-05,0.03090999010880317,0.05782486399604352,0.0010911226508407517,0.08887858555885264,0.0003044634025717112,0.8137626730959447,0.0019365108803165185,0.005260880316518299
"Experiment: FC-A, Phase: postext",16h,0.00046674085064292783,0.04524604352126607,0.13083271513353115,0.002458889713155292,0.14536504698318498,0.0010385756676557863,0.6552716988130564,0.0032393669634025717,0.016080922354104844
"Experiment: FC-A, Phase: postext",17h,0.0005633345697329378,0.08413467482690405,0.12266552299703264,0.0018793273986152327,0.1713363934223541,0.0014288142927794264,0.5914232504945599,0.004612543273986152,0.02195613872403561
"Experiment: FC-A, Phase: postext",18h,0.00185846315529179,0.1845952336795252,0.19611384149357072,0.05670283135509396,0.24659217359050448,0.014778839020771513,0.22934749010880318,0.023209538822947576,0.0468015887734916
"Experiment: FC-A, Phase: postext",19h,0.003342915430267063,0.24344399109792283,0.0827390887734916,0.11075281280909992,0.32053582467853614,0.023717235410484667,0.12269025098911968,0.04286133778437191,0.049916543026706235
"Experiment: FC-A, Phase: postext",20h,0.0015640454995054403,0.1255200605835806,0.08679679772502474,0.047161690158259155,0.3646289255687438,0.011095140949554895,0.299188612759644,0.03479228486646884,0.029252441889218602
"Experiment: FC-A, Phase: postext",21h,0.0008160237388724034,0.12581756923837786,0.08510138476755687,0.04337057987141444,0.29548714144411475,0.012880192878338281,0.36866267927794266,0.03905940900098912,0.02880501978239367
"Experiment: FC-A, Phase: postext",22h,0.0017348231948565778,0.09367195227497527,0.1271861090504451,0.01837830736894164,0.19897069732937686,0.005333518793273987,0.5025871661721069,0.013260385756676554,0.038877040059347175
"Experiment: FC-A, Phase: postext",23h,0.0014867705242334322,0.12325744930761624,0.10915012982195844,0.04127642804154303,0.2617117952522255,0.008817847428288823,0.40341014465875374,0.020893607814045496,0.02999582715133532
