experimental phase,hour,drink,eat,groom,hang,sniff,rear,rest,walk,eathand
"Experiment: FC-D, Phase: preexposure",00h,0.00856065055225849,0.20130350004121333,0.11134976199307617,0.044599638353115735,0.32693767000494556,0.025609313180019785,0.18522991880975936,0.04233290574513683,0.05407664132047477
"Experiment: FC-D, Phase: preexposure",01h,0.005265130440158261,0.16512863707550274,0.12205002781899107,0.034970274892845356,0.34733208147873396,0.022349597139795584,0.21061874072700298,0.040714638971315525,0.05157087145565448
"Experiment: FC-D, Phase: preexposure",02h,0.004019200255522586,0.16759126174579625,0.09103687561819979,0.026397775511045173,0.2993689210352786,0.01623766176228157,0.3118866942795912,0.026579114119683476,0.05688249567260138
"Experiment: FC-D, Phase: preexposure",03h,0.004902839597757995,0.2027522770359381,0.10855459734586215,0.03421723025881964,0.2852877462495879,0.018204696257830534,0.2566070103857566,0.02709930349488955,0.062374299373557526
"Experiment: FC-D, Phase: preexposure",04h,0.008657759437850313,0.22482819197164516,0.10603672106824927,0.05843726817507417,0.30847114037256845,0.028628446463897134,0.17162063653972962,0.035087346480382454,0.05823248949060338
"Experiment: FC-D, Phase: preexposure",05h,0.007727755110451697,0.2121393834487306,0.0844970944609298,0.057174208704253195,0.3437814251566106,0.02881133057204089,0.17017276108638316,0.03698753812232115,0.05870850333827894
"Experiment: FC-D, Phase: preexposure",06h,0.00518347654962084,0.11555094481536433,0.07726222490108803,0.013274424043850977,0.4184120507748104,0.01027074575502803,0.28717982401912306,0.021858514671941966,0.051007794469172446
"Experiment: FC-D, Phase: preexposure",07h,0.0016305019782393677,0.06075049455984173,0.0847868756181998,0.00519751483679525,0.4145861667490933,0.004532950049455984,0.37273545684965376,0.00996782785196175,0.04581221150675898
"Experiment: FC-D, Phase: preexposure",08h,0.001304556132542038,0.08090628090999008,0.07368617087042535,0.006734359545004948,0.44910886498516306,0.005055947082096933,0.32609792284866473,0.012299703264094956,0.04480619436201782
"Experiment: FC-D, Phase: preexposure",09h,0.0017450234915924827,0.05734560459940654,0.06272193372898123,0.0029764774975272004,0.41318465628091006,0.0034089082591493573,0.40417269411473783,0.008026397131552919,0.046418304896142425
"Experiment: FC-D, Phase: preexposure",10h,0.001134396636993076,0.046942538328387726,0.07494807121661722,0.0023384953016815035,0.39350318372898113,0.003298714144411473,0.4233166419386746,0.008292223046488625,0.046225735657764576
"Experiment: FC-D, Phase: preexposure",11h,0.0031041357566765574,0.0461368694362018,0.07006738377843719,0.0012626730959446092,0.4078928659742829,0.0017892247774480715,0.41592312685459937,0.006169788575667657,0.04765393175074183
"Experiment: FC-D, Phase: preexposure",12h,0.001123114490603363,0.06449663081107816,0.06571587537091989,0.003632078387734916,0.4111920437685459,0.0025557925321463898,0.40586084322453025,0.0065776458951533135,0.03884597551928784
"Experiment: FC-D, Phase: preexposure",13h,0.0018060449637322786,0.0805757758407517,0.06675926784536762,0.01262660216782064,0.4169679102786019,0.01081141299868117,0.3360812314540059,0.029564632789317504,0.04480712166172107
"Experiment: FC-D, Phase: preexposure",14h,0.003684728404220244,0.07081092359050443,0.08045046158918563,0.009689509149357073,0.35710813860039575,0.005541259685130233,0.41075435830860524,0.015133659948895484,0.046826960723705895
"Experiment: FC-D, Phase: preexposure",15h,0.002542604269699967,0.06853453161061655,0.09214255172271678,0.010265851673260799,0.38830159907682155,0.0034143947823936697,0.35980336094625787,0.007896987306297395,0.0670981186119354
"Experiment: FC-D, Phase: preexposure",16h,0.0016086074019122981,0.06398187644246622,0.0951298734751072,0.005030858473458622,0.39939841431750744,0.0030712938921859546,0.37718031342729963,0.00684115356083086,0.04775760900923178
"Experiment: FC-D, Phase: preexposure",17h,0.00323962454665348,0.07507405518463568,0.09671014671941974,0.005360049868117375,0.35825129306791953,0.004479501524892845,0.384550800568744,0.00843057101055061,0.06390395750906692
"Experiment: FC-D, Phase: preexposure",18h,0.004870641691394661,0.09992864943949882,0.13140094378503134,0.02523993879821958,0.33484135447576663,0.011655770895153315,0.3170665646636993,0.014372372650840752,0.06062376360039564
"Experiment: FC-D, Phase: preexposure",19h,0.005492962825585229,0.14793031857896477,0.15641150469831852,0.05090682183481701,0.2562521894576328,0.018748454500494546,0.28704150181338606,0.01918866427629409,0.0580275820145071
"Experiment: FC-D, Phase: preexposure",20h,0.009786360451697992,0.19645707117540384,0.11706115541543026,0.08818220924002639,0.24570003400098914,0.03093098314375205,0.20954796715298393,0.03281443187438179,0.06951978754533465
"Experiment: FC-D, Phase: preexposure",21h,0.007431791955159909,0.2172846088855918,0.12049757356577645,0.07622094460929775,0.26500126215792946,0.03391482752225519,0.18235322906363338,0.0366878400098912,0.060607922230464885
"Experiment: FC-D, Phase: preexposure",22h,0.0068491386416089685,0.21057559553247618,0.12146853363006921,0.06885445000824267,0.2782642237471151,0.02998951636168808,0.1887063911556215,0.03755653952357401,0.05773561139960434
"Experiment: FC-D, Phase: preexposure",23h,0.007750680019782394,0.22942965916584235,0.1250512590669305,0.060505404096604015,0.27753268731454,0.02969020462413452,0.16122805390702274,0.04333722284042202,0.0654748289647214
"Experiment: FC-D, Phase: postcond",00h,0.0068461764342235415,0.12721624629080125,0.12776142124134518,0.0006510416666666666,0.30787045623145404,0.00361028684470821,0.3959728146636993,0.004191394658753709,0.025880161968348168
"Experiment: FC-D, Phase: postcond",01h,0.007225210187932741,0.12764937252720077,0.13860078202274975,0.0057952367705242334,0.33271049703264105,0.011683203511374876,0.30105828078635016,0.015185691765578638,0.06009172539564787
"Experiment: FC-D, Phase: postcond",02h,0.004644226013847675,0.19496630811078144,0.10674146884272999,0.013009628461918893,0.38346276891691394,0.02050607381305638,0.1767746198071217,0.027251020029673587,0.07264388600395648
"Experiment: FC-D, Phase: postcond",03h,0.0081900722487421,0.23070087730615405,0.12362316152754484,0.02045502193265385,0.36227180363824024,0.023629209134305253,0.13273972713198295,0.034007305508966586,0.06438282157141013
"Experiment: FC-D, Phase: postcond",04h,0.006615124258160237,0.318224143793274,0.1036199462166172,0.0248211084322453,0.33323364861523247,0.02783599159248269,0.08904009025717109,0.03554957962413451,0.06106036721068248
"Experiment: FC-D, Phase: postcond",05h,0.007195357644853974,0.2272684679056692,0.10405669217554273,0.01671823754490083,0.3217305364672809,0.014478076682804935,0.23364682570670003,0.027397313759175382,0.047508492113071996
"Experiment: FC-D, Phase: postcond",06h,0.011753008572370589,0.14122825997362348,0.1027669592812397,0.012013682822288164,0.41190601302340923,0.01711074019122981,0.23110832921200133,0.01797209858226179,0.05414090834157599
"Experiment: FC-D, Phase: postcond",07h,0.006057327728321794,0.1416357566765579,0.07326801022090339,0.009283300362677218,0.33615490026376527,0.013622032640949557,0.36045891031981536,0.020494868941641937,0.03902489284536762
"Experiment: FC-D, Phase: postcond",08h,0.006907610039564787,0.13954855959446094,0.09652571711177053,0.004772502472799208,0.3614853795746786,0.006411504698318498,0.3451849962908012,0.009804648862512363,0.029359081355093974
"Experiment: FC-D, Phase: postcond",09h,0.006076904055390703,0.1251197762116716,0.10040646636993077,0.006611646884272997,0.35238316023738875,0.007804772502472798,0.32558497156280913,0.014798157764589516,0.06121414441147379
"Experiment: FC-D, Phase: postcond",10h,0.0048768236894164195,0.10877457344213652,0.09706432368941642,0.003771018793273986,0.3239506058358061,0.007351168397626112,0.3594476384767556,0.0113339206231454,0.08342992705242334
"Experiment: FC-D, Phase: postcond",11h,0.002618076162215628,0.09981840380811076,0.08851616592482688,6.877472799208704e-05,0.3569369745301682,0.002287339268051434,0.41338093471810095,0.004915461177052423,0.0314578696834817
"Experiment: FC-D, Phase: postcond",12h,0.0013515393175074185,0.026069485657764586,0.05241638847675569,7.03202274975272e-05,0.2709337908011869,0.0018283259149357073,0.6087475272007913,0.003822020276953511,0.034760602126607316
"Experiment: FC-D, Phase: postcond",13h,0.0037072669386745798,0.07884443001978239,0.10282787772007913,0.0027587166172106828,0.3344155693620177,0.003273754327398616,0.42396760633036595,0.008001050939663698,0.04220372774480712
"Experiment: FC-D, Phase: postcond",14h,0.01055421612265084,0.08692043768545993,0.09415414812067259,0.003113408753709199,0.25965318991097924,0.0034858741345202768,0.4723861739614243,0.008928350642927794,0.06080420066765579
"Experiment: FC-D, Phase: postcond",15h,0.006443960187932741,0.06937708642433234,0.10930622527200791,0.002997882665677547,0.29497210373392685,0.005568821092977249,0.4391807307121662,0.009335976137487637,0.06281721377349157
"Experiment: FC-D, Phase: postcond",16h,0.004031821834817013,0.08373786782888228,0.0866974993818002,0.0016254791048466867,0.30380965628090995,0.0029866777942631055,0.4814980526706232,0.004940961918892185,0.03067198318496538
"Experiment: FC-D, Phase: postcond",17h,0.014116978857566761,0.09753415553907023,0.09942314230959447,0.0006726786597428288,0.23355627163699308,0.0026211671612265085,0.5066896946092976,0.004706432368941643,0.04067947885756677
"Experiment: FC-D, Phase: postcond",18h,0.0029797230464886242,0.13492712969831844,0.07984939107319484,0.0016845944609297722,0.24111646884272997,0.003232412215628091,0.4915924826904056,0.005022873392680515,0.03959492457962412
"Experiment: FC-D, Phase: postcond",19h,0.0034754420128585554,0.09811217235410485,0.12152996723541049,0.0035701038575667652,0.2625065683728981,0.004743137982195845,0.45629443311078144,0.008716230835806133,0.041051944238377845
"Experiment: FC-D, Phase: postcond",20h,0.008246398986152327,0.14542725333827897,0.12063435027200793,0.005716802670623146,0.32499265887734924,0.006843471810089021,0.33517827336795253,0.010689447329376852,0.04227134334817013
"Experiment: FC-D, Phase: postcond",21h,0.0037690869188921872,0.12397069732937684,0.10892680514342234,0.007287416543026706,0.28786744250741836,0.006144519658753709,0.41274998454500506,0.00839515331355094,0.040888894040553896
"Experiment: FC-D, Phase: postcond",22h,0.007127070969337289,0.1226860008654797,0.1174417346686449,0.00025616654302670623,0.32535044201285857,0.0025840751730959446,0.3902351477497527,0.008915213897131553,0.0254041481206726
"Experiment: FC-D, Phase: postcond",23h,0.007106979475766567,0.14118794819485656,0.117048018669634,0.0032667995796241346,0.24732010385756675,0.006198225766567755,0.4463023924332344,0.007119729846686449,0.024449802176063306
"Experiment: FC-D, Phase: postret",00h,0.003172137734915925,0.186825003090999,0.08450675383283877,0.005860920499505439,0.3145960837042532,0.005217219955489613,0.3447704160484668,0.01290067074678536,0.0421507943867458
"Experiment: FC-D, Phase: postret",01h,0.0030365201533135507,0.21726361585064294,0.06024202522255193,0.00039603424826904055,0.2701942692878338,0.0015764094955489612,0.40231863563303666,0.003759427546983185,0.041213062561819974
"Experiment: FC-D, Phase: postret",02h,0.007498377225519288,0.2267518236894164,0.1021134705736894,0.0013190838278931752,0.2739525377101879,0.0030245425321463906,0.30702584075173095,0.005494637116716123,0.07281968657270031
"Experiment: FC-D, Phase: postret",03h,0.015159418273986152,0.1467038359297725,0.09950930390702277,0.0008071371167161226,0.24584183358061326,0.0018136436696340257,0.3999466802670623,0.0035608308605341245,0.08665731639465875
"Experiment: FC-D, Phase: postret",04h,0.013160701038575667,0.14908081416913946,0.12081440096439171,0.0051279673590504445,0.2952495208951533,0.005768963278931751,0.3240669046735905,0.01037609730464886,0.07635463031651829
"Experiment: FC-D, Phase: postret",05h,0.010668969460929769,0.15630022873392682,0.09625757294757666,0.008744822576656774,0.37857319485657764,0.010276026211671613,0.26837560274480715,0.023948673961424336,0.04685490850642927
"Experiment: FC-D, Phase: postret",06h,0.025623995425321466,0.18588108926805147,0.1152332158753709,0.005878307368941643,0.335286071958457,0.011055730712166171,0.2407146389713155,0.018841957220573694,0.06148499319980217
"Experiment: FC-D, Phase: postret",07h,0.021449987636003958,0.15387147626112765,0.17457923775964393,0.009512935830860535,0.33743895276953517,0.007763816765578634,0.19521667903066273,0.023305746167161228,0.07686116777942632
"Experiment: FC-D, Phase: postret",08h,0.008574431256181998,0.13907254574678532,0.10549038699307618,0.008334106083086055,0.4073983061325421,0.012469862759643917,0.23285963773491594,0.032779271760633034,0.05302145153313551
"Experiment: FC-D, Phase: postret",09h,-,-,-,-,-,-,-,-,-
"Experiment: FC-D, Phase: postret",10h,0.004227713897131553,0.16344970944609297,0.13865062438180017,0.004368354352126608,0.38769009643916913,0.007864274233432247,0.22358741345202768,0.01347907393669634,0.056682739861523244
"Experiment: FC-D, Phase: postret",11h,0.005334291543026706,0.17979259396636996,0.13721987821463896,0.0026308265331355094,0.315538065652819,0.006858926805143425,0.28618130254698315,0.012457498763600397,0.053986615974282885
"Experiment: FC-D, Phase: postret",12h,0.007263074925816023,0.12007719770029678,0.10191101013847675,0.0021339484421364985,0.29221222799208707,0.006433914441147379,0.40678435645400596,0.011785979228486648,0.051398290677546976
"Experiment: FC-D, Phase: postret",13h,0.005648800692383778,0.1091536071958457,0.13365054710682492,0.002480526706231454,0.33549625989119686,0.004685181750741839,0.3737578047725025,0.009362636003956478,0.02576463588031652
"Experiment: FC-D, Phase: postret",14h,0.0036910391938674574,0.09979483494065278,0.14240541543026705,0.004928984297725025,0.3519098510138476,0.00449392618694362,0.33410415121167153,0.010416666666666664,0.04825513105835807
"Experiment: FC-D, Phase: postret",15h,0.00929386127596439,0.12671009520276952,0.13783460064292782,0.00556186634520277,0.35770547415924825,0.00566271018793274,0.3041056194362018,0.016483524975272005,0.036642247774480705
"Experiment: FC-D, Phase: postret",16h,0.022535701038575665,0.14436394967853608,0.08558589886251235,0.008540430267062313,0.28634435274480713,0.005381042903066271,0.40129744683481694,0.0070764558605341255,0.03887472181008902
"Experiment: FC-D, Phase: postret",17h,0.005798714144411475,0.1356956293273986,0.11867504327398615,0.004869868941641938,0.263598850148368,0.006498439045499506,0.4231345820969337,0.008049347799208703,0.03367952522255193
"Experiment: FC-D, Phase: postret",18h,0.005605140331355094,0.1596976230217606,0.11191464206231454,0.0043246939910979235,0.3303026088031652,0.012573024851632046,0.3245548961424332,0.009210404302670625,0.04181696649357072
"Experiment: FC-D, Phase: postret",19h,0.007076069485657764,0.1577031559099901,0.12312878647378832,0.006346980093966371,0.3188840720820969,0.009446865727002969,0.30957282393669633,0.014545854970326408,0.05329539132047478
"Experiment: FC-D, Phase: postret",20h,0.009291543026706232,0.22502627349159252,0.08983524975272007,0.00596369621661721,0.29063581849653813,0.0075694702027695356,0.3235271389713155,0.01228594831849654,0.035864861523244314
"Experiment: FC-D, Phase: postret",21h,0.013100812932739861,0.22852296612265086,0.09321139342235411,0.005219538204747776,0.3884964608061325,0.005480341246290801,0.20604599406528187,0.012323426681503461,0.047599066518298705
"Experiment: FC-D, Phase: postret",22h,0.012984127720079128,0.1797153189910979,0.12203032270029673,0.0027869219831849657,0.34067445598417406,0.005938968224530168,0.28575667655786346,0.010840133531157268,0.03927307430761622
"Experiment: FC-D, Phase: postret",23h,0.002983200420375866,0.2210956818743818,0.07169919943125619,0.0022324740356083083,0.3470450049455984,0.004215349901088031,0.2999772038822948,0.007308280786350146,0.04344360472304648
"Experiment: FC-D, Phase: postext",00h,0.018483787710187927,0.11339986708704251,0.10198789873887237,0.00215094893669634,0.3330215288081108,0.003706880563798219,0.3796137023986153,0.008218579995054402,0.03941680576162216
"Experiment: FC-D, Phase: postext",01h,0.03810042655786349,0.10078781837289809,0.11626097304648862,0.004230032146389714,0.3457935367210683,0.003632696587537092,0.34530477250247277,0.007568697453016815,0.038321046612265076
"Experiment: FC-D, Phase: postext",02h,0.030135694856577647,0.13350063365479725,0.12916898491592485,0.0013519256923837785,0.37443473355588525,0.0027193063798219585,0.29209399727992086,0.006875154549950544,0.029719569114737887
"Experiment: FC-D, Phase: postext",03h,0.008241376112759645,0.16215342173590505,0.13377225519287833,0.005601662957467853,0.3360263662215628,0.006258113872403561,0.2814242550692384,0.018969847304648863,0.04755270153313551
"Experiment: FC-D, Phase: postext",04h,0.021738223293768552,0.18036751978239365,0.12584113810583583,0.007044773120672601,0.29074438983679524,0.013140223170128584,0.2899639125865479,0.01685212660731949,0.054307693496538086
"Experiment: FC-D, Phase: postext",05h,0.013996429896142434,0.23153823565776457,0.107334940652819,0.01874343162710188,0.35923242767062313,0.01882457035113749,0.14080466431750743,0.0349812221810089,0.07454407764589516
"Experiment: FC-D, Phase: postext",06h,0.056285160113748754,0.18302075605835796,0.14962482999505441,0.012342745425321463,0.3410840133531157,0.010719970944609296,0.15260918954005936,0.017272502472799208,0.07704083209693373
"Experiment: FC-D, Phase: postext",07h,0.01455705984174085,0.19000757294757664,0.0920047446834817,0.008610364119683482,0.32656365912462904,0.01171527262611276,0.25815598726508415,0.020218610905044506,0.0781667284866469
"Experiment: FC-D, Phase: postext",08h,0.050945072947576664,0.13945737512363995,0.13261081231454006,0.005636436696340257,0.2522448380316518,0.007467080860534125,0.3639226322947577,0.012264311325420376,0.035451440405539075
"Experiment: FC-D, Phase: postext",09h,0.012651458951533136,0.15791527571711175,0.09389759520276954,0.016079376854599408,0.29570814787339267,0.010994683481701286,0.3657965504451039,0.013813674579624137,0.0331432368941642
"Experiment: FC-D, Phase: postext",10h,0.008575976755687437,0.0974599715628091,0.09754111028684471,0.0008770709693372898,0.4025771204253215,0.002998269040553907,0.30474545623145394,0.009783784619188923,0.07544124010880317
"Experiment: FC-D, Phase: postext",11h,0.029339762611275962,0.14666713031651832,0.04767093224530169,0.0014094955489614243,0.3384628461918892,0.0031110905044510386,0.35882712042532144,0.006484143175074185,0.06802747898120672
"Experiment: FC-D, Phase: postext",12h,0.007281620919881306,0.16235163204747777,0.07816209198813057,0.005223788328387736,0.3303033815529179,0.006079995054401584,0.3607960867952522,0.014809749010880316,0.03499165430267063
"Experiment: FC-D, Phase: postext",13h,0.021323256676557864,0.11908769164193868,0.04411473788328388,0.0022865665182987146,0.29709136993076163,0.004857504945598418,0.47499459075173095,0.007361214144411474,0.028883067507418397
"Experiment: FC-D, Phase: postext",14h,0.007943094708209692,0.12153267185954503,0.09434269906033632,0.0031072267556874387,0.3657378214638971,0.003284959198813057,0.3760424394164194,0.007075296735905044,0.020933790801186944
"Experiment: FC-D, Phase: postext",15h,0.016457957037801573,0.10540172235840538,0.062016997806734614,0.004201070829570379,0.29769787769320083,0.0031572539027222295,0.46434008515030323,0.009296784285898594,0.03743025093536317
"Experiment: FC-D, Phase: postext",16h,0.06615433358061325,0.1103749381800198,0.10116762487636004,0.0021768360534124625,0.2941120332591494,0.0026304401582591497,0.39538359297725023,0.008361538699307617,0.019638662215628096
"Experiment: FC-D, Phase: postext",17h,0.05289935707220573,0.12077692260138473,0.0852965040801187,0.00526319856577646,0.29065938736399605,0.0030040646636993076,0.39031010447576664,0.007496058976261127,0.04429440220079129
"Experiment: FC-D, Phase: postext",18h,0.04617509031092763,0.08835876015997934,0.09809419752290024,0.001756628177009418,0.35211545284479423,0.003533011869436202,0.3773323603406013,0.00645199006579796,0.026182508708553737
"Experiment: FC-D, Phase: postext",19h,0.015588680761622153,0.1291682121661721,0.09340844460929774,0.002682214391691395,0.37023483864985157,0.0026397131552917904,0.3375834569732938,0.007242983432245303,0.04145145586053412
"Experiment: FC-D, Phase: postext",20h,0.013404889960435212,0.0811097459198813,0.12160840133531158,0.0026922601384767562,0.3447599839268052,0.0036894936943620183,0.38784078264094957,0.010711857072205738,0.03418258531157271
"Experiment: FC-D, Phase: postext",21h,0.03146636993076163,0.1291539162957468,0.08137518545994066,0.0026656002720079133,0.28274836177052426,0.0034503276458951533,0.43046759087537095,0.008762209446092977,0.029910438303659748
"Experiment: FC-D, Phase: postext",22h,0.03673652324431257,0.09748354043026707,0.06393808728981205,0.002333317878338279,0.306038652942631,0.0014620425321463899,0.4699612852373887,0.0033912122898120674,0.01865533815529179
"Experiment: FC-D, Phase: postext",23h,0.02952831355093966,0.11884195722057368,0.10348703325914933,0.0027432616221562812,0.26488470573689415,0.0016490479723046492,0.42298621414441157,0.006385231206726013,0.04949423528684471
