experimental phase,cam_id,drink,eat,groom,hang,sniff,rear,rest,walk,eathand
FC-D_preexposure,17202338,0.004720025211396446,0.15510440139666679,0.07804307690591462,0.024430373039423487,0.34053206086432725,0.016877970147921733,0.3064052006871779,0.026344724013297356,0.047542167733874756
FC-D_preexposure,17202339,0.0018542507976171878,0.0623864232167957,0.07726038017893395,0.045508522790656175,0.3548577954530244,0.011563845630396467,0.3691759303674617,0.026498809151960012,0.05089404241315456
FC-D_preexposure,17202341,0.007834706387630801,0.08168931694964415,0.07664180852725287,0.02159492760090137,0.2556663589612013,0.016653326565672342,0.4814333682871868,0.01224551549496888,0.04624067122554159
FC-D_preexposure,17202342,0.003989619821066015,0.06229864349300547,0.07953017279846501,0.045745437406572796,0.2884043612369202,0.011771825706699983,0.45226644597398535,0.019647389058700167,0.03634610450458489
FC-D_preexposure,17202345,0.004827815086678119,0.22212892673077353,0.07212620758126768,0.02813043829901162,0.3166907671627139,0.021079613908658888,0.249969740746525,0.026203746569688314,0.05884274391468284
FC-D_preexposure,17202346,0.0023552018027264005,0.15753462383704073,0.054863861248075685,0.03938262756297272,0.49271491042145427,0.01381063006180139,0.1573292234666786,0.022512187367528615,0.05949673423172177
FC-D_preexposure,6394836,0.004759487740121815,0.17632436525289494,0.12486899277124563,0.021331797594877397,0.3913525467972603,0.01327168068539301,0.18758018004953037,0.02247851174672588,0.05803243736195088
FC-D_preexposure,6394837,0.004761300506459024,0.13726601369893573,0.09117754512393743,0.015499361348475049,0.4491762371433035,0.012668726712924743,0.22525336895651588,0.02127190658396734,0.04292553992548136
FC-D_preexposure,6394839,0.003941093460654604,0.15812405178376207,0.13122957151781528,0.013670559001360967,0.25110557830035024,0.010143891814104994,0.35779426775395456,0.018580785234599856,0.055410201133397306
FC-D_preexposure,6394840,0.007840981348028825,0.13243624640235607,0.11177921621561328,0.020740417438254388,0.3712787393186229,0.01845919044644251,0.25698500702795557,0.016894912540996405,0.06358528926172997
FC-D_preexposure,6394841,0.0044310981459583666,0.10925521797817984,0.11129576537783623,0.06828300350282233,0.2740228492224625,0.015429290957363737,0.3394852580263715,0.029420988487539313,0.04837652830146584
FC-D_preexposure,6394846,0.002526996274067959,0.09147449019432854,0.1640745270074295,0.011173821980767941,0.39557162100354737,0.014051170210392445,0.21160010095714063,0.020234864795519957,0.0892924075768055
FC-D_postcond,17202338,0.002300191316570358,0.10103418319537714,0.07425108347649538,0.015974689598625646,0.3512789415117915,0.009480663360924568,0.31611768897391856,0.018687529283148523,0.11087502928314852
FC-D_postcond,17202339,0.0010139230657885215,0.618254460085402,0.009866695013389304,0.0069255717594267924,0.16389977021061009,0.014526715278280379,0.08705693167836721,0.027827133241658825,0.07062879966707679
FC-D_postcond,17202341,0.022530894912064846,0.09444185604689874,0.05092956140985741,0.003555176594050807,0.20217191684157199,0.006175137511760875,0.5994160273576029,0.005358887602229139,0.015420541723963236
FC-D_postcond,17202342,0.01624651697184628,0.0753324708692191,0.1011708855033654,0.011696189476731563,0.37173500036187296,0.004194108706665702,0.3795017008033582,0.008424857060143303,0.03169827024679742
FC-D_postcond,17202345,0.0034433728981206725,0.09345350186411017,0.06729033515940046,0.004425359506961881,0.28465200106520583,0.008381600471734002,0.49059195008749906,0.014099473103553221,0.03366240584341475
FC-D_postcond,17202346,0.0010516079878097684,0.06744626674151896,0.10472271232656989,0.011765177640548559,0.4255170322399551,0.00584223875210522,0.3361804775844094,0.014498456171304836,0.03297603055577832
FC-D_postcond,6394836,0.0072528407034812194,0.060153253238763846,0.11846050155605417,0.004081475718318015,0.26723940616631686,0.003225419772743721,0.5083744210031119,0.006031292972425275,0.025181388868784828
FC-D_postcond,6394837,0.003127035535933994,0.07315942317435044,0.10225786169211841,0.00136901100094087,0.49269423536223506,0.009522689440544258,0.25420496489831373,0.017811391763769266,0.04585338713179417
FC-D_postcond,6394839,0.0014480516945181944,0.156843471810089,0.12148773036076836,0.0016115492737779167,0.4476507594096516,0.004107205606746838,0.1907701956114321,0.011638343354677495,0.06444269287833829
FC-D_postcond,6394840,0.0066238481961580515,0.06515890988599093,0.07785827932219273,0.005445933546774949,0.29159988481961574,0.013660100734030926,0.4931584803998125,0.013762835780103075,0.032731727315320945
FC-D_postcond,6394841,0.0051505844249837155,0.09761231634942462,0.05425517478468553,0.007321596583918361,0.25109692769776354,0.011602780994427155,0.5421794709415937,0.009716743866251718,0.021064404356951578
FC-D_postcond,6394846,0.006135551694518193,0.11264763587380917,0.3831868362486334,0.007283695142901764,0.20709774714977355,0.01756134819615805,0.16173204942995476,0.015624267921286896,0.08873086834296423
FC-D_postret,17202338,0.0021893104422778015,0.08974561078140454,0.07586305108096651,0.006775911403136923,0.36393024939946317,0.0054969001695633745,0.3956944591634872,0.012229096015260706,0.048075411544439714
FC-D_postret,17202339,0.0020424879892609864,0.7936263600395647,0.0018011692807686874,0.008238395506570581,0.06105871131835524,0.008488987212095522,0.011909177617634594,0.02821861311290095,0.08461609792284866
FC-D_postret,17202341,0.005972914017238943,0.08610640101738022,0.061625468065564515,0.0011679560548254909,0.46843802988554467,0.0029309294192454436,0.23098329094248973,0.0044015825914935705,0.13837342800621735
FC-D_postret,17202342,0.005575058287409919,0.04722626995902219,0.10897846898403281,0.00857708068390561,0.2515669157128727,0.0031987424049738596,0.5542962678394802,0.005221801257595026,0.01535939487070792
FC-D_postret,17202345,0.007754212590080545,0.058822815105270584,0.08369696728839904,0.0015167973717676983,0.4192756906174933,0.003698159530874665,0.37289966617210685,0.008863881234986574,0.04347181008902076
FC-D_postret,17202346,0.0007277094814186803,0.045227497527200795,0.04455520524233433,0.008048078281757808,0.6440376836936555,0.0046404726579058935,0.199340071711177,0.012620769747067965,0.04080251165748199
FC-D_postret,6394836,0.0015492528613819416,0.35419117387311005,0.19404342412039002,0.003130519641090857,0.1810422407093401,0.006039149710329236,0.16504830789882713,0.009224203405397771,0.08573172778013281
FC-D_postret,6394837,0.013513847675568746,0.04904046559276529,0.12053085700155435,0.0014247297583721917,0.36199351773350275,0.0036924191041401723,0.40344911332485517,0.01301398897838067,0.033341060830860525
FC-D_postret,6394839,0.003831955630917055,0.08864941006076019,0.2519912657199378,0.000773412109650982,0.2246323919033489,0.004489234492016392,0.3894517450897274,0.008934311855305918,0.027246273138335456
FC-D_postret,6394840,0.0024507206443408224,0.0577191076727427,0.12780375688851212,0.0032766797371767695,0.29471041754980926,0.007226755687438179,0.47427140737600687,0.012205692737035465,0.02033546170693797
FC-D_postret,6394841,0.06110441394658752,0.071417973717677,0.053397007912957484,0.0037672654373322027,0.3533766956337431,0.006612309241203899,0.42542037586547965,0.007630572629645331,0.017273385615373747
FC-D_postret,6394846,0.015348355588526213,0.24363430832273564,0.22424005581461076,0.008250759502614101,0.2347512187367529,0.021591290447929914,0.17420097675568744,0.02289988695775046,0.0550831478733927
FC-D_postext,17202338,0.004969850871186183,0.10178374419843265,0.0715190595754394,0.007775526896446777,0.33013296051129887,0.005343861751502701,0.3947526725252985,0.016431275203530396,0.06729104846686451
FC-D_postext,17202339,0.0013553217241917851,0.7720345931594564,0.008280054271435267,0.005898846243948149,0.14016379041074498,0.004167968139934407,0.00024793065750429487,0.019066258004060598,0.048785237388724034
FC-D_postext,17202341,0.22451518869360115,0.07813213307464048,0.030145324507342305,0.0019354409191204445,0.26018412843338656,0.0032500665753633115,0.3553928421973674,0.00445674503538005,0.041988130563798215
FC-D_postext,17202342,0.023698689416419387,0.07006177242638668,0.09274066993837021,0.014529359735220274,0.3319221734002892,0.0027633531157270027,0.4296086795252225,0.005845554667884045,0.02882974777448072
FC-D_postext,17202345,0.009400441299551091,0.07299299056531994,0.07766967206878185,0.003209645819067184,0.28677837061553685,0.006045518526972533,0.47521113900935846,0.011292608232519211,0.05739961386289279
FC-D_postext,17202346,0.0004843357680894772,0.051216902533668104,0.09712346876664382,0.0068648710340105,0.5884800844556037,0.0038913299855436365,0.20109397588069694,0.012388961804762993,0.038456069770980754
FC-D_postext,6394836,0.00214134900707601,0.11716954842882142,0.1489756904816252,0.003078872783991478,0.4709146503842351,0.003101460853686373,0.16349744160389565,0.00913176215475919,0.08198922430190976
FC-D_postext,6394837,0.03772136308300998,0.04838792513124857,0.10502953092901163,0.0019012021608460776,0.3373228619797612,0.004691898729361639,0.42658401810849883,0.011175625808415125,0.02718557406984707
FC-D_postext,6394839,0.0014518184584950164,0.11928236513733545,0.2403235087118618,0.0009472723122574756,0.22801657726546445,0.004076314387887088,0.3419496119607396,0.011912947957087422,0.05203958380887165
FC-D_postext,6394840,0.0023413128661644985,0.056675606786882736,0.09169686334931142,0.0046973674199193485,0.2503438141976717,0.008008302898881535,0.5495941280529559,0.016149756524385606,0.020492847903827133
FC-D_postext,6394841,0.033616278627406224,0.0825289602830404,0.04646175720916078,0.006507979532831165,0.27819395305485806,0.00716850224454082,0.5137558966750361,0.008401335311572701,0.023365337061553675
FC-D_postext,6394846,0.0016969584569732938,0.06738516125253789,0.19645259058253944,0.005405669217554271,0.3824027799468998,0.01654156254880525,0.28109797165391215,0.013649363579572079,0.035367942761205674
