experimental phase,hour,drink,eat,groom,hang,sniff,rear,rest,walk,eathand
"Experiment: Trap2, Phase: preexposure",00h,0.00673683234421365,0.04606395620397847,0.09294462303549841,0.004829857676667765,0.288992780800088,0.02517773244312562,0.4966574280140676,0.027050877843719092,0.011545911638641607
"Experiment: Trap2, Phase: preexposure",01h,0.004191051214419168,0.04557025497307398,0.10302351219914277,0.0033140661061655118,0.3186442191449609,0.02620909577975601,0.4609426516650181,0.025737374986262246,0.01236777393120123
"Experiment: Trap2, Phase: preexposure",02h,0.00604444856577646,0.09361142021101222,0.10831513078360261,0.0062848595999560365,0.3556292243653148,0.03957028244862073,0.3293193276733707,0.04154302670623146,0.019682279646114957
"Experiment: Trap2, Phase: preexposure",03h,0.00906778904275195,0.11086262913506978,0.1057599049346082,0.006694073524563138,0.3982650909440597,0.06072971617760192,0.2193445021430927,0.06338419743927906,0.025892096658973532
"Experiment: Trap2, Phase: preexposure",04h,0.009430466260028579,0.08045818908671283,0.09639331932080444,0.014460723705901748,0.36071305912737667,0.04333855368721836,0.32648058852621176,0.05200039152654137,0.016724708759204305
"Experiment: Trap2, Phase: preexposure",05h,0.015582584624684034,0.04476401939773605,0.1175410759424112,0.009998179745026927,0.32149429195515994,0.029156019892295867,0.40148831602373886,0.04137714309264754,0.018598369326299595
"Experiment: Trap2, Phase: preexposure",06h,0.01379821958456973,0.028042745081877124,0.1260815062094736,0.019072494230135177,0.27710806132542043,0.01620834020222002,0.4712215971535334,0.02627744120232992,0.022189595010440707
"Experiment: Trap2, Phase: preexposure",07h,0.009454335641279265,0.028757624464226837,0.12592523903725683,0.009435446202879439,0.2552215559402132,0.014038287174414769,0.5124096741400153,0.023343567974502686,0.021414269425211564
"Experiment: Trap2, Phase: preexposure",08h,0.007855087097483242,0.023439560666007258,0.11614222716782063,0.021500817397516213,0.30370868364655457,0.010513346246840314,0.4791134327948128,0.018621551818881196,0.019105293164083964
"Experiment: Trap2, Phase: preexposure",09h,0.009744374381800197,0.0220664487512364,0.12613130563798217,0.030789054772502475,0.3078785701038576,0.006322058914441147,0.46882669541295735,0.01252627349159248,0.01571521853363007
"Experiment: Trap2, Phase: preexposure",10h,0.007940776458951533,0.01519586630398945,0.09144669057039234,0.029257078387734916,0.21835126112759648,0.007438489119683481,0.5983968018463568,0.019127617045829215,0.012845419139465873
"Experiment: Trap2, Phase: preexposure",11h,0.005344443875984857,0.01753715593983424,0.09391691394658755,0.0004821958456973293,0.2745302747365189,0.004247032640949554,0.5868563261025275,0.006836437122684948,0.010249219789215183
"Experiment: Trap2, Phase: preexposure",12h,0.009207453803614783,0.028416677906663076,0.09149645097113569,0.0008303547342864852,0.30805844517129755,0.010229590976530888,0.5131583827893175,0.015574841516050713,0.023027802131103316
"Experiment: Trap2, Phase: preexposure",13h,0.011867669916631341,0.03456509643916913,0.08976172813338985,0.001157799915218313,0.2449539441147378,0.00625618199802176,0.5703997103292354,0.009756296806556453,0.031281572347039696
"Experiment: Trap2, Phase: preexposure",14h,0.013547627879044798,0.02894676416560689,0.10763984562667796,0.002834225307333616,0.27426522537798503,0.010470317578069804,0.5101095538363714,0.015541763812349865,0.03664467641656069
"Experiment: Trap2, Phase: preexposure",15h,0.010287419777793114,0.0463910789455524,0.11505740632116487,0.003304637361120695,0.24046843730591402,0.012400800496860119,0.5209442498792355,0.019330532744462083,0.031815437167897316
"Experiment: Trap2, Phase: preexposure",16h,0.01035697174826904,0.050552322885756666,0.13276149851632044,0.010517896884272996,0.30747558110781403,0.02504887642185955,0.41260567352868466,0.027131823380316524,0.023549355526706228
"Experiment: Trap2, Phase: preexposure",17h,0.009425910571943912,0.10355496705358704,0.12774907997323562,0.009447547565020073,0.3882548855966718,0.06907000930936173,0.20649423437772735,0.06029757229301214,0.02570579325944028
"Experiment: Trap2, Phase: preexposure",18h,0.009828152119142262,0.11169254940932756,0.10452312300543086,0.014739166340070544,0.32625307933486375,0.07385872151615253,0.2727930267062315,0.0648453684004255,0.021466813168355633
"Experiment: Trap2, Phase: preexposure",19h,0.008855712166172106,0.09801942780359445,0.10384794384412968,0.016367014724819447,0.35091470242427636,0.05327354291473042,0.3043936509713901,0.04808801298919432,0.01623999216169307
"Experiment: Trap2, Phase: preexposure",20h,0.007941806791955159,0.08068778162435433,0.11367234723596,0.009274370809979117,0.3514671941971645,0.052351219914276284,0.32163596274315864,0.04666412517859106,0.01630519150456094
"Experiment: Trap2, Phase: preexposure",21h,0.009351474063083853,0.09832828470161553,0.12703009946147925,0.012655065117045831,0.36234665210462685,0.05602710462688207,0.2619444787888779,0.05182248736124849,0.020494353775140126
"Experiment: Trap2, Phase: preexposure",22h,0.009477346411693595,0.06197727772282667,0.10534382212331025,0.005313083855368723,0.30137755522584897,0.0344957206835916,0.4365833470711066,0.03270225436861193,0.012729592537641499
"Experiment: Trap2, Phase: preexposure",23h,0.006092359050445104,0.07090700214309265,0.10456008215188482,0.0035225368172326628,0.32785419414221334,0.03125618199802176,0.4059815982525552,0.03401713100340697,0.015808914441147376
"Experiment: Trap2, Phase: postconditioning",00h,0.002595280044510386,0.030124876360039566,0.13559169448565775,0.02537864737883284,0.30740680637982193,0.00849329253214639,0.4653282640949554,0.012851987512363999,0.012229151211671613
"Experiment: Trap2, Phase: postconditioning",01h,0.0026192352868447083,0.029481562190900094,0.12170267680514342,0.003464237141444115,0.37780508160237386,0.01580543706726014,0.4194995672601385,0.01643986461424332,0.013182338031651829
"Experiment: Trap2, Phase: postconditioning",02h,0.004171303165182987,0.04765084075173096,0.14438674579624136,0.0032745270771513354,0.37263036288328394,0.016216153560830854,0.3761146915182987,0.01955906899109792,0.015996306256181998
"Experiment: Trap2, Phase: postconditioning",03h,0.010416280291790309,0.11671728177546982,0.1297493199802176,0.0028545375865479724,0.42081633283877357,0.04513979043026705,0.1978853703016815,0.04822499381800197,0.02819609297725025
"Experiment: Trap2, Phase: postconditioning",04h,0.01213023924332344,0.12447375741839761,0.12702035422848665,0.004314648244312561,0.4134976199307614,0.043224143793273995,0.19635996228981203,0.04958001050939665,0.029399264342235415
"Experiment: Trap2, Phase: postconditioning",05h,0.014668335806132542,0.06556974839268052,0.12065946463897136,0.0017352095697329378,0.38104908506429286,0.030478795746785362,0.3211513198565777,0.044716323565776456,0.019971717359050446
"Experiment: Trap2, Phase: postconditioning",06h,0.008944578387734915,0.0232199709446093,0.14812221810089019,0.00043660361028684475,0.32585234297725024,0.010901180761622156,0.3934273769782393,0.06579925506923838,0.023296473170128586
"Experiment: Trap2, Phase: postconditioning",07h,0.008512611275964392,0.014033521884272997,0.16656543644906033,0.0001622774480712166,0.310272162462908,0.008562453635014837,0.441277587166172,0.03925761931256182,0.011356330365974282
"Experiment: Trap2, Phase: postconditioning",08h,0.011734977744807121,0.011677794263105836,0.22345295499505438,0.00020864243323442139,0.329764774975272,0.004622589020771513,0.373741190652819,0.028559285361028683,0.01623779055390702
"Experiment: Trap2, Phase: postconditioning",09h,0.023323905786350147,0.006789379327398616,0.18186124505440157,0.011055730712166173,0.291580118694362,0.0020361955984174087,0.4570150222551928,0.01709940652818991,0.009238996043521268
"Experiment: Trap2, Phase: postconditioning",10h,0.008197329376854601,0.007566765578635015,0.1469630934718101,0.025946618447082098,0.32736770524233433,0.0004868323442136499,0.46669834940652816,0.012168490356083085,0.004604815776458952
"Experiment: Trap2, Phase: postconditioning",11h,0.026793552176063305,0.00409402818991098,0.1594252287339268,0.03962969831849654,0.28760200296735905,0.001708549703264095,0.46760323936696335,0.009991654302670622,0.003152046241345203
"Experiment: Trap2, Phase: postconditioning",12h,0.026992148862512364,0.005396884272997033,0.20829546859545003,0.019417655786350147,0.2632001112759644,0.0003346006429277943,0.4688280477250248,0.0020779240850642925,0.005457158753709199
"Experiment: Trap2, Phase: postconditioning",13h,0.01600828387734916,0.012851214762611278,0.11427577893175073,0.009421751360039565,0.3292794881305638,0.002863037833827893,0.49900585744312553,0.011648816147378832,0.004645771513353116
"Experiment: Trap2, Phase: postconditioning",14h,0.007244915306627102,0.012961331602373885,0.14828488192383776,0.0030492705242334325,0.40110271389713154,0.0032745270771513363,0.38960381120178034,0.0236743477992087,0.010804200667655786
"Experiment: Trap2, Phase: postconditioning",15h,0.025353919386745794,0.025699338526211663,0.13178435645400596,0.00020439230959446093,0.3951475179277943,0.006025516196834817,0.380352837537092,0.019390995919881308,0.016041125741839767
"Experiment: Trap2, Phase: postconditioning",16h,0.0250560243570722,0.020437685459940656,0.15189169139465877,0.00020052856083086051,0.4291485070474778,0.009205381429277943,0.3227713897131554,0.023607504945598417,0.017681287091988133
"Experiment: Trap2, Phase: postconditioning",17h,0.014087614366963408,0.06633013414935707,0.16881259272997032,0.0031377503709198815,0.4117141135014836,0.04255223788328388,0.22496522626112758,0.041490866097922845,0.026909464638971318
"Experiment: Trap2, Phase: postconditioning",18h,0.007458966988130564,0.07417199863996043,0.15873052670623145,0.004628384643916914,0.4006147224282888,0.030022873392680515,0.2592594739119684,0.035435599035608306,0.029677454253214632
"Experiment: Trap2, Phase: postconditioning",19h,0.0074102837537092,0.07099213340751732,0.12483733617705241,0.004083209693372898,0.4105866716122651,0.03220280044510386,0.29656512734915924,0.031286319238377845,0.022036118323442138
"Experiment: Trap2, Phase: postconditioning",20h,0.019009257542037587,0.06779063118199802,0.13865023800692383,0.004134983926805144,0.3770586053412462,0.03402378523738873,0.3002561665430267,0.03385262116716123,0.02522371105341246
"Experiment: Trap2, Phase: postconditioning",21h,0.009852945722057369,0.0760625309099901,0.14273228857566767,0.003017201409495549,0.39571819362017796,0.027973541048466864,0.28834538822947575,0.032198936696340254,0.024098973788328395
"Experiment: Trap2, Phase: postconditioning",22h,0.007268870548961424,0.07254729228486648,0.13187051805143424,0.0032142525964391697,0.40781597737388725,0.026455087784371913,0.3026497589020772,0.027952676805143423,0.02022556565281899
"Experiment: Trap2, Phase: postconditioning",23h,0.003395462413452028,0.050754203758654796,0.13563149109792286,0.002253338278931751,0.3559231268545994,0.021683744436201777,0.39324925816023737,0.02149751174579624,0.015611863254203759
"Experiment: Trap2, Phase: postfearretrieval",00h,0.0035654673590504436,0.027937221810089025,0.09034468502720078,0.01972308512611276,0.23086864799703266,0.009856036721068247,0.5866014852250246,0.015465233988625121,0.015638136745796238
"Experiment: Trap2, Phase: postfearretrieval",01h,0.0064849159248269025,0.03155678165182987,0.09531462506181997,0.014949230341246289,0.2375411489243323,0.010284912833827892,0.5746822066641938,0.01516753214638971,0.014018646451533133
"Experiment: Trap2, Phase: postfearretrieval",02h,0.009148197947576655,0.06965334446092979,0.09037289039317509,0.0007667609421364985,0.2702468162710188,0.01866944083827894,0.48726798188674575,0.022595782331849654,0.03127878492828883
"Experiment: Trap2, Phase: postfearretrieval",03h,0.007129775593471812,0.10256977930267062,0.08209867241592482,0.008461416604846688,0.3414991731577646,0.029529472675568744,0.358296434532641,0.03357385169386746,0.0368414240232443
"Experiment: Trap2, Phase: postfearretrieval",04h,0.011526914873887245,0.07716949493076163,0.10891250927299705,0.008362891011374876,0.317417199863996,0.023322939849159244,0.3870964314416421,0.040405345882789316,0.02578627287339268
"Experiment: Trap2, Phase: postfearretrieval",05h,0.023459716555390708,0.04168733772255193,0.08682616221562807,0.03209828604104847,0.35573959878832834,0.02018325760385756,0.37080628709198815,0.04373106763105836,0.025468286350148386
"Experiment: Trap2, Phase: postfearretrieval",06h,0.01169595388229476,0.024228795746785357,0.08046797725024725,0.04318550630563798,0.3244708596068248,0.009814887796735904,0.45899210249752725,0.029132279302670636,0.018011637611275964
"Experiment: Trap2, Phase: postfearretrieval",07h,0.010432314849159253,0.008471269164193869,0.055857636313056395,0.06662281311819981,0.3449377163699307,0.015606260818496536,0.46708878121909003,0.020890903189910978,0.010092304957962416
"Experiment: Trap2, Phase: postfearretrieval",08h,0.0085476425980877,0.020485853527860205,0.06827475890207715,0.03402211094625783,0.3315699183976262,0.003368673755357732,0.5062033774315858,0.013819341411144081,0.013708323030003295
"Experiment: Trap2, Phase: postfearretrieval",09h,0.02317592420870426,0.014947684841740852,0.07471330984174085,0.04538938860039565,0.38615541543026705,0.02163699307616222,0.4143484174085064,0.010601740232443124,0.009031126360039563
"Experiment: Trap2, Phase: postfearretrieval",10h,0.005512023986152324,0.004241880975931421,0.0793711877678866,0.029461599488954833,0.34586218265743485,0.002597727085394,0.5179620528354766,0.01065956767227168,0.004331777530497856
"Experiment: Trap2, Phase: postfearretrieval",11h,0.007645843636663371,0.007545128585558854,0.11319289894493902,0.028670818908671278,0.3532986111111111,0.0024624958786679855,0.4735964288658095,0.007501597016155619,0.006086177052423342
"Experiment: Trap2, Phase: postfearretrieval",12h,0.008999443620178038,0.01083607659495549,0.08588360070474775,0.03233204284124629,0.3281721377349159,0.005878886931256182,0.5082972072823938,0.013390594090009889,0.006210010200296733
"Experiment: Trap2, Phase: postfearretrieval",13h,0.006096737965710517,0.012910845285196175,0.09468348170128586,0.046330469007583246,0.29384504821958457,0.0021088340751730956,0.5301354372733269,0.0073465318991097935,0.006542614573030005
"Experiment: Trap2, Phase: postfearretrieval",14h,0.020268453264094953,0.05605101693867457,0.10882769998763601,0.018567244683481702,0.3242483076780416,0.031587305267062334,0.37772278375370916,0.03490471995548962,0.027822468471810094
"Experiment: Trap2, Phase: postfearretrieval",15h,0.014565946463897132,0.04197248238130564,0.1104860209569733,0.04486623701780414,0.3510318141073195,0.01566344430019782,0.3615178350642929,0.028128863748763597,0.031767355959446096
"Experiment: Trap2, Phase: postfearretrieval",16h,0.020519790121167166,0.06272989305143424,0.15328824338526212,0.022406265454995054,0.37669483339515336,0.016635949863996045,0.28182627812809097,0.029818674270524235,0.03608007232937684
"Experiment: Trap2, Phase: postfearretrieval",17h,0.013321239799703267,0.12665774140702274,0.13631247681750738,0.004174200976755688,0.3584836331602375,0.05104765547725024,0.2068032888229476,0.05433222830118694,0.04886753523738873
"Experiment: Trap2, Phase: postfearretrieval",18h,0.009261212598911966,0.10832637858555884,0.10828851384767553,0.0020499119065281904,0.36108992488872405,0.030736700976755685,0.2998296086795252,0.04301472861028685,0.03740301990603364
"Experiment: Trap2, Phase: postfearretrieval",19h,0.006615124258160236,0.07667802608803165,0.11140617272502475,0.0031168861275964383,0.3252038127472799,0.022246113068743818,0.3914875819114738,0.032993323442136506,0.030252959631552914
"Experiment: Trap2, Phase: postfearretrieval",20h,0.017837962104352133,0.08455775531651831,0.1311978393916914,0.005332552856083086,0.29611075049455976,0.023375680019782394,0.37797798435954505,0.028894079191394653,0.034715396266073194
"Experiment: Trap2, Phase: postfearretrieval",21h,0.01941205335064293,0.09466281064540057,0.12619351199307616,0.003719051372403561,0.3107522332467853,0.0347704546859545,0.33059335589762606,0.03972938303659743,0.040167145771513355
"Experiment: Trap2, Phase: postfearretrieval",22h,0.01481341957220574,0.050397772935212644,0.12143124845450053,0.003661095140949554,0.30118887549455986,0.02152513754945598,0.43477006831107806,0.025519287833827894,0.02669309470820969
"Experiment: Trap2, Phase: postfearretrieval",23h,0.0044073782146389715,0.045054981144906046,0.12290314354599408,0.010652934903560833,0.2866891923219584,0.01981736059594461,0.47240414039317513,0.021146103795746777,0.016924765084075172
"Experiment: Trap2, Phase: postextiniction",00h,0.033174533259149354,0.07965581726013847,0.17705087784371906,0.04034603733926805,0.1480159650098912,0.007368168892185955,0.48463000741839773,0.00868184347181009,0.021076749505440157
"Experiment: Trap2, Phase: postextiniction",01h,0.05071170252225519,0.17292439416419392,0.11192777880811078,0.03892147317012858,0.14089507603857562,0.012169649480712167,0.43271783815529186,0.014500262734915925,0.025231824925816018
"Experiment: Trap2, Phase: postextiniction",02h,0.020537370178041543,0.13711826162215632,0.10771049703264095,0.05995494868941642,0.1816947174826904,0.010803427917903065,0.4441958766073196,0.014819022007912956,0.023165878461918893
"Experiment: Trap2, Phase: postextiniction",03h,0.023454500494559844,0.29640980464886246,0.10334330180514341,0.06999683172601386,0.18117349777448075,0.024025948936696347,0.23507781590009894,0.028297323194856578,0.03822097551928783
"Experiment: Trap2, Phase: postextiniction",04h,0.023484251360039565,0.2955671210435213,0.10540538452027694,0.0542176681503462,0.19672663204747778,0.027894720573689413,0.21936819980217603,0.03369691209198812,0.04363911041048468
"Experiment: Trap2, Phase: postextiniction",05h,0.005566502843719089,0.13904974962908012,0.1351543181256182,0.015444949307616222,0.23939053227002968,0.01922717297230465,0.3986673930514342,0.02512518545994065,0.022374196340257172
"Experiment: Trap2, Phase: postextiniction",06h,0.0012874010880316517,0.03038336115232443,0.1045742921612265,0.008155600890207716,0.1579056163452028,0.004028344460929772,0.6758998670870425,0.0060475395647873395,0.01171797725024728
"Experiment: Trap2, Phase: postextiniction",07h,0.0014867705242334322,0.008904395400593472,0.11745100766567755,0.0018781682739861525,0.15172748207220574,0.0018476446587537092,0.7095465504451038,0.0026161442878338275,0.004541836671612265
"Experiment: Trap2, Phase: postextiniction",08h,0.0020613099653808116,0.024205226879327395,0.1319504976508407,0.0026741005192878337,0.21686564972799208,0.004605588526211672,0.6018039842977251,0.004860595944609298,0.010973046488625127
"Experiment: Trap2, Phase: postextiniction",09h,0.0013480619436201785,0.02148939787339268,0.11213835311572701,0.0026389404055390704,0.1537891784124629,0.001474792903066271,0.6996325574925816,0.0026895555143422356,0.004799162339268053
"Experiment: Trap2, Phase: postextiniction",10h,0.0004651953511374877,0.01828944114737883,0.153602559347181,0.0,0.11894241468842733,6.954747774480712e-05,0.7048714144411473,0.0004821958456973293,0.0032772317012858556
"Experiment: Trap2, Phase: postextiniction",11h,0.0009783011869436203,0.008952305885262116,0.10550738748763601,8.809347181008902e-05,0.17679509767556878,0.0018947823936696342,0.7008276149851632,0.00234529549950544,0.0026111214144411473
"Experiment: Trap2, Phase: postextiniction",12h,0.002076378585558853,0.023206447823936698,0.10517742334322454,0.0008113872403560832,0.1854498949060336,0.002549301434223541,0.6694354290306627,0.0042508963897131555,0.007042841246290802
"Experiment: Trap2, Phase: postextiniction",13h,0.001251081849653808,0.02470712784371909,0.0725411102868447,0.00037323813056379824,0.1516050012363996,0.0018051434223541045,0.7394651026211672,0.002738625123639961,0.005513569485657764
"Experiment: Trap2, Phase: postextiniction",14h,0.0014365417903066272,0.018590040801186942,0.10261034866468843,0.001807461671612265,0.21582205118694364,0.0028236275964391693,0.6461393422354106,0.0035855588526211672,0.007185027200791294
"Experiment: Trap2, Phase: postextiniction",15h,0.0017796426805143418,0.02896111523244313,0.15215442631058357,0.0031937747279920867,0.18653329005934716,0.006290955736894164,0.5989081045994065,0.004930143422354105,0.017248547230464886
"Experiment: Trap2, Phase: postextiniction",16h,0.004536511417881563,0.09560016449490387,0.1320676364340085,0.009438298284092376,0.28906673332473226,0.017285672816410785,0.3957352277125533,0.024366210811508197,0.03190354470390917
"Experiment: Trap2, Phase: postextiniction",17h,0.013546303165182988,0.20872357195845692,0.1618930050692384,0.07366700667655786,0.22742179772502472,0.029797616839762616,0.20156172725024724,0.03908297786844708,0.0443059934470821
"Experiment: Trap2, Phase: postextiniction",18h,0.025637904920870425,0.3066510571216618,0.1384504821958457,0.09879489676063302,0.2109452274975272,0.043472196463897134,0.0719773893422354,0.05506421550445104,0.049006630192878355
"Experiment: Trap2, Phase: postextiniction",19h,0.01337045219971617,0.22827941555928266,0.13972310024512963,0.06754168816926849,0.22522658366662365,0.03556637853180235,0.19982582892529996,0.04601704618758869,0.044449506515288346
"Experiment: Trap2, Phase: postextiniction",20h,0.011811866345202772,0.26995510323936694,0.13192886065776463,0.06331911473788328,0.2070637054896142,0.03447623021760633,0.19053845202769534,0.04133013414935707,0.04957653313550939
"Experiment: Trap2, Phase: postextiniction",21h,0.012948967606330367,0.26451533135509403,0.13011444423837784,0.06178752472799209,0.21283807801681498,0.03325528560830861,0.1972115325173096,0.04350774295252225,0.04382109297725026
"Experiment: Trap2, Phase: postextiniction",22h,0.01455474159248269,0.23837707096933725,0.1475924981454006,0.044822190281899106,0.21784974653808117,0.022330922354104856,0.23991252472799207,0.03219970944609298,0.0423605959446093
"Experiment: Trap2, Phase: postextiniction",23h,0.009595620054401583,0.08269040553907021,0.13669170375865478,0.038383252967359054,0.2238559439910979,0.00878655106330366,0.46014697700296736,0.013218270895153315,0.026631274727992083
