null_q0: 0.22916666666666663, null_q1: 0.41666666666666663, null_q2: 0.4583333333333333, null_q3: 0.5416666666666666, null_q4: 0.7291666666666666
null_outliers: [0.20833333333333331, 0.20833333333333331, 0.20833333333333331, 0.20833333333333331, 0.20833333333333331, 0.20833333333333331, 0.20833333333333331, 0.125, 0.20833333333333331, 0.20833333333333331, 0.20833333333333331, 0.20833333333333331, 0.20833333333333331, 0.20833333333333331, 0.20833333333333331, 0.16666666666666666, 0.20833333333333331, 0.125, 0.20833333333333331, 0.16666666666666666, 0.20833333333333331, 0.125, 0.20833333333333331, 0.16666666666666666, 0.20833333333333331, 0.20833333333333331, 0.20833333333333331, 0.16666666666666666, 0.20833333333333331, 0.20833333333333331, 0.16666666666666666, 0.20833333333333331, 0.20833333333333331, 0.20833333333333331, 0.16666666666666666, 0.20833333333333331, 0.75, 0.75, 0.75, 0.7916666666666666, 0.7499999999999999, 0.75, 0.7500000000000001, 0.7500000000000001, 0.75, 0.75, 0.7916666666666666, 0.75, 0.7916666666666666, 0.75, 0.75, 0.7500000000000001, 0.75, 0.7916666666666666, 0.7916666666666666, 0.7916666666666667, 0.75]
q0: 0.20833333333333334, q1: 0.3333333333333333, q2: 0.37499999999999994, q3: 0.41666666666666663, q4: 0.5416666666666666
outliers: [0.20833333333333331, 0.20833333333333331, 0.20833333333333331, 0.20833333333333331, 0.20833333333333331, 0.20833333333333331, 0.20833333333333331]
