null_q0: 0.12500000000000006, null_q1: 0.375, null_q2: 0.4583333333333333, null_q3: 0.5416666666666666, null_q4: 0.7916666666666665
null_outliers: [0.125, 0.125, 0.125, 0.8333333333333334]
q0: 0.4583333333333333, q1: 0.5833333333333334, q2: 0.625, q3: 0.6666666666666667, q4: 0.7916666666666667
outliers: [0.41666666666666663, 0.45833333333333326, 0.41666666666666663, 0.41666666666666663]
