null_q0: 0.22916666666666663, null_q1: 0.41666666666666663, null_q2: 0.49999999999999994, null_q3: 0.5416666666666666, null_q4: 0.7291666666666666
null_outliers: [0.20833333333333331, 0.16666666666666666, 0.20833333333333331, 0.20833333333333331, 0.20833333333333331, 0.20833333333333331, 0.20833333333333331, 0.20833333333333331, 0.20833333333333331, 0.20833333333333331, 0.20833333333333331, 0.16666666666666666, 0.16666666666666666, 0.20833333333333331, 0.20833333333333331, 0.16666666666666666, 0.20833333333333331, 0.16666666666666666, 0.16666666666666666, 0.20833333333333331, 0.16666666666666666, 0.125, 0.75, 0.75, 0.75, 0.75, 0.75, 0.7499999999999999, 0.75, 0.75, 0.8333333333333334, 0.75, 0.75, 0.75, 0.75, 0.75, 0.7500000000000001, 0.7500000000000001, 0.7916666666666666, 0.7500000000000001, 0.7916666666666667, 0.75, 0.75, 0.75, 0.7916666666666666, 0.7499999999999999, 0.8333333333333334, 0.75, 0.7500000000000001, 0.75, 0.7499999999999999]
q0: 0.33333333333333337, q1: 0.4583333333333333, q2: 0.5, q3: 0.5416666666666666, q4: 0.6666666666666666
outliers: [0.3333333333333333, 0.3333333333333333, 0.3333333333333333, 0.3333333333333333, 0.3333333333333333, 0.3333333333333333, 0.29166666666666663, 0.3333333333333333, 0.3333333333333333, 0.3333333333333333, 0.3333333333333333, 0.3333333333333333, 0.3333333333333333, 0.3333333333333333, 0.7083333333333334]
