null_q0: 0.22916666666666646, null_q1: 0.41666666666666663, null_q2: 0.49999999999999994, null_q3: 0.5416666666666667, null_q4: 0.729166666666667
null_outliers: [0.20833333333333331, 0.20833333333333331, 0.20833333333333331, 0.16666666666666666, 0.20833333333333331, 0.20833333333333331, 0.16666666666666666, 0.16666666666666666, 0.20833333333333331, 0.20833333333333331, 0.20833333333333331, 0.20833333333333331, 0.20833333333333331, 0.20833333333333331, 0.20833333333333331, 0.20833333333333331, 0.16666666666666666, 0.16666666666666666, 0.20833333333333331, 0.20833333333333331, 0.16666666666666666, 0.20833333333333331, 0.20833333333333331, 0.20833333333333331, 0.75, 0.7500000000000001, 0.75, 0.7500000000000001, 0.75, 0.75, 0.7916666666666667, 0.75, 0.7916666666666666, 0.7500000000000001, 0.75, 0.75, 0.75, 0.75, 0.8333333333333334, 0.75, 0.7916666666666666, 0.75, 0.75, 0.75, 0.8333333333333334, 0.75, 0.7916666666666666, 0.8333333333333333, 0.75, 0.75, 0.75, 0.75, 0.75, 0.75, 0.75, 0.75, 0.7916666666666667, 0.875, 0.7916666666666666, 0.75, 0.7500000000000001, 0.8333333333333334]
q0: 0.29166666666666674, q1: 0.4166666666666667, q2: 0.4583333333333333, q3: 0.5, q4: 0.625
outliers: [0.29166666666666663, 0.2916666666666667, 0.2916666666666667, 0.29166666666666663, 0.29166666666666663, 0.2916666666666667, 0.2916666666666667, 0.2916666666666667]
